LUMO=-0.35819
HOMO=-0.45432
