Ring C2-C1-C0-C5-C4-C3 SumAnges=720.00(100.00%) SumDistance=0.0123
LUMO=-0.42559
HOMO=-0.48878
