LUMO=0.45847
HOMO=-0.11511
