Ring C1-C0-C5-C4-C3-C2 SumAnges=719.85(99.98%) SumDistance=0.0685
LUMO=-0.40269
HOMO=-0.46818
