LUMO=-0.13013
HOMO=-0.26439
