Ring C34-C33-C35-C37-C39-C36 SumAnges=719.93(99.99%) SumDistance=0.0360
LUMO=-0.28332
HOMO=-0.33311
