Ring C31-C30-C32-C34-C36-C33 SumAnges=719.93(99.99%) SumDistance=0.0407
LUMO=-0.29438
HOMO=-0.34144
