LUMO=-0.26918
HOMO=-0.35053
