Ring C1-C0-C5-C4-C3-C2 SumAnges=719.93(99.99%) SumDistance=0.0420
LUMO=-0.40431
HOMO=-0.46998
