LUMO=0.27649
HOMO=-0.07428
