Sum of electronic and zero-point Energies=           -340.356793
Sum of electronic and thermal Energies=              -340.350494
Sum of electronic and thermal Enthalpies=            -340.349550
Sum of electronic and thermal Free Energies=         -340.387227

Wiberg:
  0.0000   1.0519   0.1736   1.3388   0.0314   0.0539   0.0232   1.2189   0.0105   0.0010   0.0099   0.0039 
  1.0519   0.0000   2.6415   0.0741   0.0160   0.0149   0.0194   0.0171   0.0005   0.0011   0.0008   0.0012 
  0.1736   2.6415   0.0000   0.1077   0.0089   0.0418   0.0204   0.0440   0.0009   0.0004   0.0010   0.0005 
  1.3388   0.0741   0.1077   0.0000   1.3466   0.0601   0.0778   0.0715   0.0236   0.0149   0.0008   0.0150 
  0.0314   0.0160   0.0089   1.3466   0.0000   1.5105   0.0121   0.1198   0.9052   0.0047   0.0092   0.0007 
  0.0539   0.0149   0.0418   0.0601   1.5105   0.0000   1.3222   0.0132   0.0031   0.9153   0.0037   0.0109 
  0.0232   0.0194   0.0204   0.0778   0.0121   1.3222   0.0000   1.5438   0.0105   0.0029   0.9135   0.0054 
  1.2189   0.0171   0.0440   0.0715   0.1198   0.0132   1.5438   0.0000   0.0004   0.0090   0.0040   0.9092 
  0.0105   0.0005   0.0009   0.0236   0.9052   0.0031   0.0105   0.0004   0.0000   0.0023   0.0006   0.0009 
  0.0010   0.0011   0.0004   0.0149   0.0047   0.9153   0.0029   0.0090   0.0023   0.0000   0.0024   0.0004 
  0.0099   0.0008   0.0010   0.0008   0.0092   0.0037   0.9135   0.0040   0.0006   0.0024   0.0000   0.0026 
  0.0039   0.0012   0.0005   0.0150   0.0007   0.0109   0.0054   0.9092   0.0009   0.0004   0.0026   0.0000 

Freq:
  129.7538   172.9116   318.4112   395.9046   448.0330   530.2077   552.7769   616.6494   670.4665   739.1523   752.3880   872.6797   903.0259   952.6847  1005.5916  1015.6641  1027.9147  1124.9275  1170.6049  1240.2130  1325.4728  1403.8823  1420.9731  1541.5575  1595.9033  2288.0838  3127.3010  3156.4648  3173.0648  3200.5661 

Charge:
N; Atom; Mulliken; APT; NBO; ESP;
1; C;  1.314; -0.195; -0.078;  0.940;
2; N;  0.466;  0.868;  0.146;  0.146;
3; N; -0.834; -0.440;  0.156; -0.058;
4; C; -1.466; -0.367; -0.225; -1.052;
5; C;  0.771;  0.004; -0.277;  0.644;
6; C;  0.837;  0.146; -0.178; -0.638;
7; C;  0.893; -0.217; -0.250;  0.430;
8; C;  0.864;  0.122; -0.217; -0.865;
9; H; -0.667; -0.004;  0.221; -0.039;
10; H; -0.729;  0.005;  0.228;  0.191;
11; H; -0.694;  0.042;  0.238;  0.029;
12; H; -0.756;  0.036;  0.236;  0.272;
