LUMO=-0.25407
HOMO=-0.33652
