LUMO=-0.26909
HOMO=-0.36076
