LUMO=0.00181
HOMO=-0.34346
