
$orca_hessian_file

$act_atom
  14

$act_coord
  2

$act_energy
        0.000000

$hessian
45
                    0                  1                  2                  3                  4        
    0      1.2247712890E+00  -6.5724717760E-02  -7.7362750091E-02  -5.4566435082E-01  -3.8801536498E-02
    1     -6.5724717760E-02   1.0315118178E+00   1.6361708108E-01   8.8082270952E-03  -2.3340302229E-01
    2     -7.7362750091E-02   1.6361708108E-01   1.3046050667E-01   3.0895294804E-02  -3.1480006511E-02
    3     -5.4566435082E-01   8.8082270952E-03   3.0895294804E-02   7.7711965778E-01   1.0043218681E-01
    4     -3.8801536498E-02  -2.3340302229E-01  -3.1480006511E-02   1.0043218681E-01   7.3148952005E-01
    5      2.1136805783E-02  -3.3490225577E-02  -4.2820261355E-02  -2.7297423582E-02   1.0943097668E-01
    6     -2.0336775485E-02  -7.0901469866E-02  -9.3281483260E-03  -3.1846971642E-01   5.6298531866E-02
    7     -2.0150267215E-02   1.1725326650E-02   2.8230304692E-03  -1.0983014408E-01  -5.4448132839E-01
    8      6.3672760988E-03   7.3213493031E-03   7.1617573291E-03   1.0124467024E-02  -1.0463825137E-01
    9      1.0316191019E-02  -2.1241422195E-03  -1.8983117733E-03   6.0809409777E-02  -2.0303002958E-02
   10     -6.0917661833E-04   8.1104251668E-04   1.7104352896E-03   3.2332628789E-02  -1.0450679135E-02
   11     -1.2717707191E-03   2.2593094437E-03  -8.4011597971E-03   3.0529691287E-03  -4.5440857008E-03
   12      5.0766647565E-02   3.1479690652E-02   2.6431200346E-03   5.5829059816E-03   6.4214844713E-03
   13     -1.6138930581E-02  -1.2003247840E-02  -2.4478906896E-03  -2.7014777133E-03   4.2739109632E-03
   14     -5.4982712375E-03  -5.2265176214E-03   7.8285169411E-03  -1.6221895584E-03   1.9260161832E-03
   15     -4.5833651812E-01   1.2087491260E-01   4.4213813176E-02   2.1490098013E-03   4.8130682798E-02
   16      1.3515992026E-01  -4.9162970541E-01  -8.2917380532E-02  -6.8999935375E-04   3.2040378424E-02
   17      4.6768737354E-02  -8.1892263700E-02  -7.0081533912E-02   4.4663469641E-04   2.1206559419E-04
   18     -2.4386711163E-01  -5.2650150607E-02   3.4643055007E-03   9.1425217610E-03  -5.3968764561E-02
   19     -4.6374999409E-02  -3.2903259883E-01  -4.8761637070E-02  -6.3233761512E-04   2.2902235543E-02
   20      5.2299818217E-03  -4.8703237120E-02  -3.7338969502E-02  -1.6816749387E-04   8.0215618884E-03
   21      7.4343679598E-03  -4.4047886760E-03  -1.1246752152E-03   8.5595211174E-03   3.2977058173E-03
   22      6.1111660803E-04  -1.4795655237E-04  -1.0890330310E-03   8.2643110362E-04   3.0203393677E-05
   23      5.0119030896E-04  -1.0627981101E-03   5.6750014624E-03   1.9071318501E-04   5.7252233307E-05
   24      1.0658771214E-02   3.4368978262E-02   4.8483010872E-03   4.5990025128E-02  -1.3491600349E-01
   25      2.6441054558E-03   1.2013768433E-02   1.1063374539E-03  -4.4533552727E-02  -2.8654769287E-02
   26     -1.5352810047E-02  -7.6898970872E-03   3.9121971580E-03  -3.5720476560E-02   4.0574298493E-02
   27     -4.9519270067E-02   1.5408846522E-02   7.4851636874E-03  -6.6684471976E-02   2.4474182076E-02
   28      1.5556650076E-02  -1.4533017850E-02  -3.9587880418E-03   1.4523530567E-02   2.4361003904E-02
   29      1.4554292310E-02   3.4292771469E-04  -1.3920778026E-03   2.0978748857E-02  -1.7813886376E-02
   30      8.9913584994E-04  -7.4366330892E-03  -1.2773800643E-03   6.6867299008E-03   2.7494723168E-03
   31      3.5491300373E-02   2.3819096889E-02   1.0882207704E-03   3.5000163729E-03   2.1486108537E-03
   32      6.5233234281E-03   3.5949384987E-03   4.6830192020E-03   7.2318935652E-04  -3.4351354041E-04
   33      3.6324174176E-03  -2.1146437664E-03  -7.1230127021E-04   4.2182306343E-03   1.5215816703E-03
   34     -1.0407284455E-03   5.1340641971E-04   1.8874895224E-04  -1.3096478578E-03  -1.3238300941E-05
   35      7.2764028498E-05  -9.7341747793E-05  -2.3386455083E-05   2.8948952085E-04  -4.9717971870E-04
   36      2.7520814971E-03  -1.6952329093E-03  -5.5510768391E-04   3.1208563147E-03   1.4999294261E-03
   37     -1.3525412520E-03   7.9689594809E-04   2.6680323160E-04  -1.5588035545E-03  -6.1435413271E-04
   38     -8.3287766753E-04   5.1865813807E-04   1.6892736241E-04  -9.4060168805E-04  -4.7297454527E-04
   39      3.4795251184E-03  -2.0664526999E-03  -6.8908847775E-04   3.9988492046E-03   1.6359455265E-03
   40      3.0896628781E-04  -2.0227646877E-04  -6.4303099621E-05   3.4211094920E-04   2.0890934537E-04
   41     -4.1635473221E-04   2.5941956098E-04   8.4470315051E-05  -4.7010723082E-04  -2.3692355427E-04
   42      3.0135994944E-03  -1.8224235400E-03  -6.0223538783E-04   3.4408218100E-03   1.5276047460E-03
   43      4.2083871464E-04  -2.3952937889E-04  -8.1618269823E-05   4.9083121272E-04   1.6261906016E-04
   44     -4.1953663880E-04   2.4859722674E-04   8.2992389553E-05  -4.8254045791E-04  -1.9534975771E-04
                    5                  6                  7                  8                  9        
    0      2.1136805783E-02  -2.0336775485E-02  -2.0150267215E-02   6.3672760988E-03   1.0316191019E-02
    1     -3.3490225577E-02  -7.0901469866E-02   1.1725326650E-02   7.3213493031E-03  -2.1241422195E-03
    2     -4.2820261355E-02  -9.3281483260E-03   2.8230304692E-03   7.1617573291E-03  -1.8983117733E-03
    3     -2.7297423582E-02  -3.1846971642E-01  -1.0983014408E-01   1.0124467024E-02   6.0809409777E-02
    4      1.0943097668E-01   5.6298531866E-02  -5.4448132839E-01  -1.0463825137E-01  -2.0303002958E-02
    5      7.8863920240E-02   3.1719530289E-02  -6.9531913903E-02  -9.0477894271E-02  -9.2217347095E-03
    6      3.1719530289E-02   9.6999270554E-01  -4.2610484586E-02   9.9499218408E-04  -4.2047082709E-01
    7     -6.9531913903E-02  -4.2610484586E-02   1.2556151065E+00   1.3331177781E-01   6.6231916876E-02
    8     -9.0477894271E-02   9.9499218408E-04   1.3331177781E-01   5.6303829195E-01   4.1232755947E-02
    9     -9.2217347095E-03  -4.2047082709E-01   6.6231916876E-02   4.1232755947E-02   1.2720704162E+00
   10     -5.8118502445E-03   8.8533308347E-02  -4.6220310376E-01  -8.0789224097E-02   1.1276326374E-03
   11      1.3218410528E-02   4.3112998970E-02  -7.3882614089E-02  -5.2018835487E-02  -6.7077440375E-02
   12     -1.4546247709E-03  -5.6796194753E-02  -3.1788593324E-02   1.0659617767E-02  -6.1081939876E-01
   13      2.8950683908E-03   3.8258416314E-02   3.1977390031E-02   3.5059326071E-03  -6.3523684332E-02
   14     -8.6373020355E-03   1.1360400584E-02   6.9115705218E-03   6.2507522255E-03   2.1064803917E-02
   15      6.9975440538E-03  -3.7886913922E-02  -2.2353124059E-02   8.4514990750E-03   2.1922461615E-02
   16      2.4736132088E-03   6.8016925852E-03  -2.0241081296E-04   2.9386736840E-04  -1.3504115792E-03
   17      1.4096192700E-02   3.6218301279E-03   3.1141223317E-03  -8.9742804166E-03  -1.0576780792E-03
   18     -1.0673595108E-02  -1.7457561230E-02  -9.5883514502E-03   4.2613439839E-03   4.1988001683E-03
   19      4.0770210013E-03  -8.2929125991E-03  -5.0818091377E-03   1.2695073386E-03   2.7259880631E-03
   20     -2.4767500317E-03  -4.1074563962E-03  -3.3073984021E-03   5.2076883676E-03   1.2781735329E-03
   21     -2.1545706847E-03  -4.5736156485E-02  -2.6689767593E-02   1.1086696912E-02   3.3096798172E-03
   22     -2.4191786103E-04  -3.2580059293E-03  -1.8569716761E-03  -2.7488553515E-04  -6.9351006919E-03
   23     -4.9913486309E-05  -5.9035570496E-04  -1.6082424863E-03   6.3756704923E-03  -1.2340748743E-04
   24     -2.4923945110E-02  -1.2196484027E-01   1.2492412480E-01  -1.1680283400E-01  -2.3645566948E-02
   25     -1.2184177262E-02   1.3244901917E-01  -2.8587241880E-01   7.4385130440E-02   3.8337868913E-02
   26      7.3736783153E-02  -1.2377947586E-01   8.5171310101E-02  -9.9316558515E-01  -7.1104219955E-03
   27      2.0720770510E-02   1.4643024842E-01   1.1123331313E-01  -6.8337808845E-03  -7.2414585120E-02
   28      3.9752556021E-03  -1.7264224075E-01   1.5376456915E-02  -3.5506621320E-02   3.1371883984E-02
   29     -4.3612862990E-02   4.4304681756E-02  -8.2798768053E-02   5.5225380190E-01   1.8909396504E-02
   30     -1.4414929474E-03  -3.6588501464E-02  -2.1162865378E-02   8.5604280699E-03   1.0054418382E-02
   31     -1.4268926913E-03  -2.1787405602E-02  -1.2267275485E-02   5.0553116962E-03   5.5934197242E-03
   32      3.4958769058E-03  -3.0676449614E-03  -1.7381013937E-03   7.1315446342E-04   9.7898052773E-04
   33     -8.1896198573E-04   1.8260054228E-02   1.5742874613E-02   8.1296426138E-03  -3.2880718123E-01
   34     -3.5199911768E-04  -6.5672024296E-03  -4.9345076810E-03  -2.9642984757E-03  -3.8750705066E-02
   35      4.2079178795E-03  -5.1448619891E-03  -4.5730923908E-03   5.5290411645E-03   1.0843094528E-02
   36     -7.5057654722E-04  -1.7935149706E-02  -1.0289224891E-02   4.3400895205E-03   5.6746963778E-02
   37      3.9075359371E-04   8.3613334526E-03   4.9625009907E-03  -2.4805646440E-03   3.8566202026E-02
   38      2.2375916490E-04   5.6768246514E-03   2.6101954299E-03   1.7912008862E-03   2.8688584642E-03
   39     -9.9536586891E-04  -2.1790680159E-02  -1.2589243615E-02   4.9308461207E-03   1.1474177157E-02
   40     -7.7047296070E-05  -2.1309234174E-03  -1.2792693274E-03   9.2018558104E-04  -5.1615678049E-02
   41      1.1177076778E-04   2.6071189399E-03   1.9793789527E-03  -3.0714251941E-03  -1.0381689872E-02
   42     -8.4235931798E-04  -1.9249691219E-02  -1.1080163223E-02   4.4969595755E-03   5.2550412130E-03
   43     -1.2666452815E-04  -2.5116565549E-03  -1.4776860155E-03   5.9078328891E-04   6.4781267263E-04
   44      1.2035283085E-04   2.6195657346E-03   1.5187450936E-03  -6.1333827700E-04  -3.0537912931E-04
                   10                 11                 12                 13                 14        
    0     -6.0917661833E-04  -1.2717707191E-03   5.0766647565E-02  -1.6138930581E-02  -5.4982712375E-03
    1      8.1104251668E-04   2.2593094437E-03   3.1479690652E-02  -1.2003247840E-02  -5.2265176214E-03
    2      1.7104352896E-03  -8.4011597971E-03   2.6431200346E-03  -2.4478906896E-03   7.8285169411E-03
    3      3.2332628789E-02   3.0529691287E-03   5.5829059816E-03  -2.7014777133E-03  -1.6221895584E-03
    4     -1.0450679135E-02  -4.5440857008E-03   6.4214844713E-03   4.2739109632E-03   1.9260161832E-03
    5     -5.8118502445E-03   1.3218410528E-02  -1.4546247709E-03   2.8950683908E-03  -8.6373020355E-03
    6      8.8533308347E-02   4.3112998970E-02  -5.6796194753E-02   3.8258416314E-02   1.1360400584E-02
    7     -4.6220310376E-01  -7.3882614089E-02  -3.1788593324E-02   3.1977390031E-02   6.9115705218E-03
    8     -8.0789224097E-02  -5.2018835487E-02   1.0659617767E-02   3.5059326071E-03   6.2507522255E-03
    9      1.1276326374E-03  -6.7077440375E-02  -6.1081939876E-01  -6.3523684332E-02   2.1064803917E-02
   10      1.1482820540E+00   1.7257289490E-01  -6.0630316850E-02  -3.5328687685E-01  -4.6135189116E-02
   11      1.7257289490E-01   1.6490754212E-01   2.2341498371E-02  -4.5699672742E-02  -6.9953562900E-02
   12     -6.0630316850E-02   2.2341498371E-02   1.2255839274E+00   9.2834736071E-02  -4.8340638528E-02
   13     -3.5328687685E-01  -4.5699672742E-02   9.2834736071E-02   1.1415251220E+00   1.6570852204E-01
   14     -4.6135189116E-02  -6.9953562900E-02  -4.8340638528E-02   1.6570852204E-01   1.6661913879E-01
   15     -5.6763391711E-02  -1.0117298958E-02  -3.6441509804E-01  -7.4094358709E-02   5.2072005238E-03
   16      1.7745505581E-02   9.0825960975E-04  -8.2402556783E-02  -5.3529928151E-01  -7.6410007444E-02
   17      4.4622335857E-03   1.1846585168E-02   3.9411444630E-03  -7.6793749721E-02  -7.1448133049E-02
   18      5.8185710538E-06  -1.1195852225E-04   1.2596852033E-03  -9.8043505662E-04   6.7869665886E-05
   19     -1.3356939088E-04  -1.6741057213E-04   1.2213921617E-03  -2.6148810833E-04  -1.3070369160E-03
   20     -4.1207819118E-05  -6.3722999583E-05   9.0791418789E-04  -1.3238435487E-03   6.3070387853E-03
   21      4.8364700039E-02   8.6800366205E-03  -2.7977123218E-01   5.7346322431E-02   2.3280757230E-02
   22      4.1114769370E-02   6.2099019752E-03   6.3411494941E-02  -3.0256395266E-01  -4.7608513420E-02
   23      2.9469606366E-03   7.5317274089E-03   2.4879468251E-02  -4.7393632470E-02  -5.4158695469E-02
   24     -1.7462381353E-02  -1.3226215304E-02   4.6626580514E-02   2.0028358015E-02   2.3174868816E-04
   25      2.6027125913E-02   8.5344336714E-03   1.4865549505E-02   7.0357025628E-03  -4.7470989453E-04
   26      2.1993937646E-02  -5.2610848399E-02  -2.5837060694E-02  -4.8757935967E-03   4.9333679862E-03
   27      6.5284617498E-03   8.7460496690E-03  -4.5891943517E-02   8.3728101395E-03   5.9195902307E-03
   28      2.2304286352E-03  -5.5234482073E-03   4.9737863040E-03  -8.2485167490E-03  -2.1948350024E-03
   29     -9.8978552618E-03   3.2953777889E-02   1.8234813742E-02   3.6307457857E-04  -1.5713628086E-03
   30     -2.4736229315E-04  -2.5082103690E-04   9.5922874959E-03  -3.8526509726E-03  -1.1987183705E-03
   31      2.2886638873E-05  -7.0905893667E-04  -3.6215737825E-02   1.1226087151E-02   3.2972382633E-03
   32     -5.2054839847E-04   2.9653643963E-03  -6.3301955250E-03   1.4170441743E-03   4.3565081468E-03
   33     -2.4019780499E-02   1.2320086347E-02   1.2350993999E-02  -5.2414862597E-02  -9.2840706313E-03
   34     -4.1349048481E-01  -6.1249333792E-02  -3.7560581762E-03   1.5441077836E-02   1.3467588293E-03
   35     -6.1167819348E-02  -5.6314886443E-02  -5.5823308989E-04   3.9681338881E-03   9.8484191549E-03
   36     -1.5300725083E-02  -5.2572302591E-03   1.7246938292E-03  -9.2701872047E-04  -5.0258101069E-04
   37     -1.1847792985E-02  -4.3963417834E-03  -8.5923202585E-04   3.6585182211E-04   6.5031000874E-04
   38     -1.6150561176E-03   2.0760776668E-03  -6.8536702176E-04   7.7355358507E-04  -2.7304044525E-03
   39     -1.6844956108E-03  -1.1360105331E-03   2.2752567295E-03  -1.1848673725E-03  -2.9505844404E-04
   40      1.5026942395E-02   6.7118620847E-03   1.6013764134E-04  -4.7685024510E-05  -4.2954409439E-04
   41      3.3244288580E-03  -2.2251401652E-03  -1.2767034385E-04  -2.3611104664E-04   2.3014844102E-03
   42     -1.7492011243E-04   1.9510660260E-04   1.9308885708E-03  -1.0223569167E-03  -3.9084305914E-04
   43      1.5175188596E-04  -1.0246958576E-03   2.8422323705E-04  -1.3409363700E-04  -5.4062336535E-05
   44     -1.0321405110E-03   6.0886710090E-03  -2.7378684321E-04   1.3936455273E-04   5.4234277683E-05
                   15                 16                 17                 18                 19        
    0     -4.5833651812E-01   1.3515992026E-01   4.6768737354E-02  -2.4386711163E-01  -4.6374999409E-02
    1      1.2087491260E-01  -4.9162970541E-01  -8.1892263700E-02  -5.2650150607E-02  -3.2903259883E-01
    2      4.4213813176E-02  -8.2917380532E-02  -7.0081533912E-02   3.4643055007E-03  -4.8761637070E-02
    3      2.1490098013E-03  -6.8999935375E-04   4.4663469641E-04   9.1425217610E-03  -6.3233761512E-04
    4      4.8130682798E-02   3.2040378424E-02   2.1206559419E-04  -5.3968764561E-02   2.2902235543E-02
    5      6.9975440538E-03   2.4736132088E-03   1.4096192700E-02  -1.0673595108E-02   4.0770210013E-03
    6     -3.7886913922E-02   6.8016925852E-03   3.6218301279E-03  -1.7457561230E-02  -8.2929125991E-03
    7     -2.2353124059E-02  -2.0241081296E-04   3.1141223317E-03  -9.5883514502E-03  -5.0818091377E-03
    8      8.4514990750E-03   2.9386736840E-04  -8.9742804166E-03   4.2613439839E-03   1.2695073386E-03
    9      2.1922461615E-02  -1.3504115792E-03  -1.0576780792E-03   4.1988001683E-03   2.7259880631E-03
   10     -5.6763391711E-02   1.7745505581E-02   4.4622335857E-03   5.8185710538E-06  -1.3356939088E-04
   11     -1.0117298958E-02   9.0825960975E-04   1.1846585168E-02  -1.1195852225E-04  -1.6741057213E-04
   12     -3.6441509804E-01  -8.2402556783E-02   3.9411444630E-03   1.2596852033E-03   1.2213921617E-03
   13     -7.4094358709E-02  -5.3529928151E-01  -7.6793749721E-02  -9.8043505662E-04  -2.6148810833E-04
   14      5.2072005238E-03  -7.6410007444E-02  -7.1448133049E-02   6.7869665886E-05  -1.3070369160E-03
   15      1.0332178289E+00  -2.7567499449E-02  -5.9908966107E-02   4.8624657878E-02  -1.7526311678E-02
   16     -2.7567499449E-02   1.1033362039E+00   1.7277833881E-01   3.8295520545E-02  -1.4414878621E-02
   17     -5.9908966107E-02   1.7277833881E-01   1.3174698359E-01   3.9072439383E-03  -2.1261014895E-03
   18      4.8624657878E-02   3.8295520545E-02   3.9072439383E-03   1.9332592079E-01   7.0477682886E-02
   19     -1.7526311678E-02  -1.4414878621E-02  -2.1261014895E-03   7.0477682886E-02   3.2076252736E-01
   20     -5.0865864621E-03  -5.0759236344E-03   3.2401921033E-03   2.2447641459E-03   4.7118045249E-02
   21      5.2697914024E-02  -1.1538764447E-02  -4.9596771536E-03   2.1363252631E-03   1.8031747979E-03
   22      3.9325468618E-02  -1.2131363508E-02  -4.9582511242E-03   2.1757855722E-04   1.6692096366E-04
   23      4.2224431999E-03  -1.7415447618E-03   2.8594827102E-03   4.8235991028E-05   3.9772173847E-05
   24      2.7652987903E-02  -2.0297902344E-02  -5.6781769802E-03   1.5902652656E-02   4.8019344370E-03
   25      8.4106873500E-03  -7.1162252162E-03  -1.8916091760E-03   5.0292010721E-03   1.3854868001E-03
   26     -2.1137081128E-02   3.0034509550E-03   2.1555826977E-03  -9.6017655256E-03  -4.6663264875E-03
   27     -5.0330159415E-02  -1.3874701593E-02   1.4613499078E-03  -1.8571420316E-02  -1.2784747978E-02
   28      1.1486040076E-02   1.0341468990E-02   9.1932859025E-04   2.7737654297E-03   3.4887645724E-03
   29      1.6966736927E-02   1.0707747160E-03  -1.1223612484E-03   6.9967059589E-03   4.0227862005E-03
   30     -2.8675328280E-01  -2.8375526383E-02   1.1038352648E-02   1.6416818025E-03   1.4573856853E-03
   31     -2.8342370568E-02  -1.0212226843E-01  -1.3028130517E-02   9.0119461064E-04   6.2877716386E-04
   32      1.1345341541E-02  -1.2873115970E-02  -1.8984730505E-02  -1.4122838634E-04   8.8987793909E-04
   33      3.2686912275E-03   1.5787230501E-03   3.0701235571E-04   1.0514548087E-03   8.8422348048E-04
   34     -1.0197909045E-03  -2.7336692901E-04  -7.9141880000E-04  -3.3045042464E-04  -2.5837327329E-04
   35      3.1501043034E-04  -7.2956025318E-04   4.6889358980E-03   3.7011735204E-06   1.4719657203E-05
   36      2.4227859225E-03   1.2889042698E-03   3.8086720832E-05   7.6723598346E-04   6.6486001815E-04
   37     -1.2068803512E-03  -6.1107358245E-04  -1.3563417388E-05  -3.8851179733E-04  -3.2872594085E-04
   38     -7.3071291266E-04  -3.9353751162E-04  -1.2325719548E-05  -2.3041812893E-04  -2.0090431750E-04
   39      3.0974942549E-03   1.5821432175E-03   3.7221337123E-05   9.9430940647E-04   8.4478369020E-04
   40      2.6666064066E-04   1.5208235144E-04   5.9766122479E-06   8.2358626524E-05   7.3990455082E-05
   41     -3.6521891518E-04  -1.9681720254E-04  -6.1819330775E-06  -1.1514068546E-04  -1.0042409505E-04
   42      2.6681408218E-03   1.3904580022E-03   3.6884771433E-05   8.5084745134E-04   7.2988405879E-04
   43      3.7927534515E-04   1.8493483414E-04   3.0224308050E-06   1.2354359874E-04   1.0274045136E-04
   44     -3.7372444361E-04  -1.9041734917E-04  -4.4080896763E-06  -1.2006400124E-04  -1.0188861253E-04
                   20                 21                 22                 23                 24        
    0      5.2299818217E-03   7.4343679598E-03   6.1111660803E-04   5.0119030896E-04   1.0658771214E-02
    1     -4.8703237120E-02  -4.4047886760E-03  -1.4795655237E-04  -1.0627981101E-03   3.4368978262E-02
    2     -3.7338969502E-02  -1.1246752152E-03  -1.0890330310E-03   5.6750014624E-03   4.8483010872E-03
    3     -1.6816749387E-04   8.5595211174E-03   8.2643110362E-04   1.9071318501E-04   4.5990025128E-02
    4      8.0215618884E-03   3.2977058173E-03   3.0203393677E-05   5.7252233307E-05  -1.3491600349E-01
    5     -2.4767500317E-03  -2.1545706847E-03  -2.4191786103E-04  -4.9913486309E-05  -2.4923945110E-02
    6     -4.1074563962E-03  -4.5736156485E-02  -3.2580059293E-03  -5.9035570496E-04  -1.2196484027E-01
    7     -3.3073984021E-03  -2.6689767593E-02  -1.8569716761E-03  -1.6082424863E-03   1.2492412480E-01
    8      5.2076883676E-03   1.1086696912E-02  -2.7488553515E-04   6.3756704923E-03  -1.1680283400E-01
    9      1.2781735329E-03   3.3096798172E-03  -6.9351006919E-03  -1.2340748743E-04  -2.3645566948E-02
   10     -4.1207819118E-05   4.8364700039E-02   4.1114769370E-02   2.9469606366E-03  -1.7462381353E-02
   11     -6.3722999583E-05   8.6800366205E-03   6.2099019752E-03   7.5317274089E-03  -1.3226215304E-02
   12      9.0791418789E-04  -2.7977123218E-01   6.3411494941E-02   2.4879468251E-02   4.6626580514E-02
   13     -1.3238435487E-03   5.7346322431E-02  -3.0256395266E-01  -4.7393632470E-02   2.0028358015E-02
   14      6.3070387853E-03   2.3280757230E-02  -4.7608513420E-02  -5.4158695469E-02   2.3174868816E-04
   15     -5.0865864621E-03   5.2697914024E-02   3.9325468618E-02   4.2224431999E-03   2.7652987903E-02
   16     -5.0759236344E-03  -1.1538764447E-02  -1.2131363508E-02  -1.7415447618E-03  -2.0297902344E-02
   17      3.2401921033E-03  -4.9596771536E-03  -4.9582511242E-03   2.8594827102E-03  -5.6781769802E-03
   18      2.2447641459E-03   2.1363252631E-03   2.1757855722E-04   4.8235991028E-05   1.5902652656E-02
   19      4.7118045249E-02   1.8031747979E-03   1.6692096366E-04   3.9772173847E-05   4.8019344370E-03
   20      3.0251897619E-02   7.8056844039E-04   7.4264315998E-05   1.7329761994E-05   3.1128557824E-03
   21      7.8056844039E-04   2.5545293660E-01  -9.2836526570E-02  -2.8392517020E-02   3.5312385472E-02
   22      7.4264315998E-05  -9.2836526570E-02   2.7361491903E-01   4.6538004563E-02   1.7876198988E-03
   23      1.7329761994E-05  -2.8392517020E-02   4.6538004563E-02   4.1847321748E-02   6.9549094426E-04
   24      3.1128557824E-03   3.5312385472E-02   1.7876198988E-03   6.9549094426E-04   1.2404650524E+00
   25      9.4278143623E-04   1.0856099946E-02   5.1018275386E-04   2.1159788064E-04  -2.2529614461E-01
   26     -2.4324263753E-03  -2.5454626690E-02  -1.8113829405E-03  -5.3076832841E-04   2.3579894091E-01
   27     -5.8810895790E-03  -5.8027710369E-02  -5.0609507341E-03  -1.2624118138E-03  -1.3696703617E+00
   28      1.3725726050E-03   1.2361267765E-02   1.4101638338E-03   2.8761629649E-04   1.9963408661E-01
   29      1.9672730553E-03   2.0004709671E-02   1.5778235887E-03   4.2581313200E-04  -7.8908275342E-02
   30      3.4056557485E-04   5.7977182472E-03   6.0271834790E-04  -9.9871776074E-05   2.8742402865E-02
   31      1.1027485837E-03   3.1169355514E-03   1.9204265368E-04   7.3182622900E-04   1.8418818107E-02
   32     -4.5112091551E-03   2.1752449153E-04   7.0632711765E-04  -3.8847549119E-03   2.5509605317E-03
   33      3.8315889941E-04   3.6396966899E-03   4.1348956816E-04  -2.7422998254E-04   1.7014790592E-02
   34     -1.1431068462E-04  -1.0442938807E-03  -2.7830465126E-04   1.0072497169E-03  -3.2041761171E-03
   35      4.9808852212E-06  -3.1594531505E-04   1.0388030154E-03  -6.0713770208E-03   1.1013201026E-03
   36      2.8573646157E-04   2.7170386964E-03   2.6570967902E-04   6.0727942955E-05   1.4549687830E-02
   37     -1.4220466235E-04  -1.3572643160E-03  -1.3125819373E-04  -3.0252949213E-05  -6.5085062654E-03
   38     -8.6198566956E-05  -8.1886950470E-04  -8.0308956698E-05  -1.8315240850E-05  -4.5028207537E-03
   39      3.6503102812E-04   3.4817632496E-03   3.3736902289E-04   7.7644161996E-05   1.7033702400E-02
   40      3.1492537727E-05   2.9779153644E-04   2.9608484268E-05   6.6832496721E-06   1.8452960719E-03
   41     -4.3083577996E-05  -4.0926556575E-04  -4.0143719442E-05  -9.1541647132E-06  -2.2534866044E-03
   42      3.1455005523E-04   2.9957518748E-03   2.9158758117E-04   6.6879798638E-05   1.5331729929E-02
   43      4.4659254470E-05   4.2740759931E-04   4.0996746419E-05   9.5077986805E-06   1.8758979853E-03
   44     -4.4040368591E-05  -4.2014621725E-04  -4.0687987177E-05  -9.3680949360E-06  -2.0438639451E-03
                   25                 26                 27                 28                 29        
    0      2.6441054558E-03  -1.5352810047E-02  -4.9519270067E-02   1.5556650076E-02   1.4554292310E-02
    1      1.2013768433E-02  -7.6898970872E-03   1.5408846522E-02  -1.4533017850E-02   3.4292771469E-04
    2      1.1063374539E-03   3.9121971580E-03   7.4851636874E-03  -3.9587880418E-03  -1.3920778026E-03
    3     -4.4533552727E-02  -3.5720476560E-02  -6.6684471976E-02   1.4523530567E-02   2.0978748857E-02
    4     -2.8654769287E-02   4.0574298493E-02   2.4474182076E-02   2.4361003904E-02  -1.7813886376E-02
    5     -1.2184177262E-02   7.3736783153E-02   2.0720770510E-02   3.9752556021E-03  -4.3612862990E-02
    6      1.3244901917E-01  -1.2377947586E-01   1.4643024842E-01  -1.7264224075E-01   4.4304681756E-02
    7     -2.8587241880E-01   8.5171310101E-02   1.1123331313E-01   1.5376456915E-02  -8.2798768053E-02
    8      7.4385130440E-02  -9.9316558515E-01  -6.8337808845E-03  -3.5506621320E-02   5.5225380190E-01
    9      3.8337868913E-02  -7.1104219955E-03  -7.2414585120E-02   3.1371883984E-02   1.8909396504E-02
   10      2.6027125913E-02   2.1993937646E-02   6.5284617498E-03   2.2304286352E-03  -9.8978552618E-03
   11      8.5344336714E-03  -5.2610848399E-02   8.7460496690E-03  -5.5234482073E-03   3.2953777889E-02
   12      1.4865549505E-02  -2.5837060694E-02  -4.5891943517E-02   4.9737863040E-03   1.8234813742E-02
   13      7.0357025628E-03  -4.8757935967E-03   8.3728101395E-03  -8.2485167490E-03   3.6307457857E-04
   14     -4.7470989453E-04   4.9333679862E-03   5.9195902307E-03  -2.1948350024E-03  -1.5713628086E-03
   15      8.4106873500E-03  -2.1137081128E-02  -5.0330159415E-02   1.1486040076E-02   1.6966736927E-02
   16     -7.1162252162E-03   3.0034509550E-03  -1.3874701593E-02   1.0341468990E-02   1.0707747160E-03
   17     -1.8916091760E-03   2.1555826977E-03   1.4613499078E-03   9.1932859025E-04  -1.1223612484E-03
   18      5.0292010721E-03  -9.6017655256E-03  -1.8571420316E-02   2.7737654297E-03   6.9967059589E-03
   19      1.3854868001E-03  -4.6663264875E-03  -1.2784747978E-02   3.4887645724E-03   4.0227862005E-03
   20      9.4278143623E-04  -2.4324263753E-03  -5.8810895790E-03   1.3725726050E-03   1.9672730553E-03
   21      1.0856099946E-02  -2.5454626690E-02  -5.8027710369E-02   1.2361267765E-02   2.0004709671E-02
   22      5.1018275386E-04  -1.8113829405E-03  -5.0609507341E-03   1.4101638338E-03   1.5778235887E-03
   23      2.1159788064E-04  -5.3076832841E-04  -1.2624118138E-03   2.8761629649E-04   4.2581313200E-04
   24     -2.2529614461E-01   2.3579894091E-01  -1.3696703617E+00   1.9963408661E-01  -7.8908275342E-02
   25      4.3461001962E-01  -2.0249762304E-01   2.8602847841E-02  -1.6378670195E-01   1.3273521916E-01
   26     -2.0249762304E-01   2.2296974710E+00   9.3857552569E-02   7.7153719532E-02  -1.2657144618E+00
   27      2.8602847841E-02   9.3857552569E-02   1.7314357955E+00  -1.5043337551E-01  -1.3307136053E-01
   28     -1.6378670195E-01   7.7153719532E-02  -1.5043337551E-01   1.2793889311E-01  -3.4520497620E-02
   29      1.3273521916E-01  -1.2657144618E+00  -1.3307136053E-01  -3.4520497620E-02   7.2880729855E-01
   30      8.8656142096E-03  -2.0329443734E-02  -4.5650389739E-02   9.4773558415E-03   1.5861981165E-02
   31      5.7555371817E-03  -1.2042162551E-02  -2.5251364509E-02   4.5947743267E-03   9.0995128522E-03
   32      7.9488420135E-04  -1.6975874965E-03  -3.6181993391E-03   6.8104365658E-04   1.2924490257E-03
   33      5.2642757180E-03  -1.2594052962E-02  -2.8394484762E-02   6.1134416996E-03   9.7562851829E-03
   34     -1.0558362616E-03   3.6104571997E-03   7.9330504938E-03  -2.0977761308E-03  -2.5298688365E-03
   35      1.0672062639E-03  -4.3082715802E-03  -6.8908173817E-04  -8.3402529929E-05   3.5326214780E-04
   36      4.5136825938E-03  -9.9482242459E-03  -2.1716577261E-02   4.2832822598E-03   7.6589979756E-03
   37     -2.0027981860E-03   4.6665708179E-03   1.0593558144E-02  -2.2407792027E-03  -3.6600574848E-03
   38     -1.3994177940E-03   3.0452032276E-03   6.5845043227E-03  -1.2752290555E-03  -2.3340185050E-03
   39      5.2497042290E-03  -1.2105685490E-02  -2.7288628606E-02   5.7032920722E-03   9.4627975883E-03
   40      5.7783760950E-04  -1.1902945408E-03  -2.4642052128E-03   4.3609174628E-04   8.9417606825E-04
   41     -7.0041701094E-04   1.5231715017E-03   3.2918998342E-03  -6.3695083446E-04  -1.1671836660E-03
   42      4.7410413548E-03  -1.0685368552E-02  -2.3706041062E-02   4.8172335432E-03   8.2894882292E-03
   43      5.7308882993E-04  -1.4002645016E-03  -3.2777245553E-03   7.2874584724E-04   1.1146387554E-03
   44     -6.2963632762E-04   1.4561724610E-03   3.2890431496E-03  -6.8976367459E-04  -1.1393468835E-03
                   30                 31                 32                 33                 34        
    0      8.9913584994E-04   3.5491300373E-02   6.5233234281E-03   3.6324174176E-03  -1.0407284455E-03
    1     -7.4366330892E-03   2.3819096889E-02   3.5949384987E-03  -2.1146437664E-03   5.1340641971E-04
    2     -1.2773800643E-03   1.0882207704E-03   4.6830192020E-03  -7.1230127021E-04   1.8874895224E-04
    3      6.6867299008E-03   3.5000163729E-03   7.2318935652E-04   4.2182306343E-03  -1.3096478578E-03
    4      2.7494723168E-03   2.1486108537E-03  -3.4351354041E-04   1.5215816703E-03  -1.3238300941E-05
    5     -1.4414929474E-03  -1.4268926913E-03   3.4958769058E-03  -8.1896198573E-04  -3.5199911768E-04
    6     -3.6588501464E-02  -2.1787405602E-02  -3.0676449614E-03   1.8260054228E-02  -6.5672024296E-03
    7     -2.1162865378E-02  -1.2267275485E-02  -1.7381013937E-03   1.5742874613E-02  -4.9345076810E-03
    8      8.5604280699E-03   5.0553116962E-03   7.1315446342E-04   8.1296426138E-03  -2.9642984757E-03
    9      1.0054418382E-02   5.5934197242E-03   9.7898052773E-04  -3.2880718123E-01  -3.8750705066E-02
   10     -2.4736229315E-04   2.2886638873E-05  -5.2054839847E-04  -2.4019780499E-02  -4.1349048481E-01
   11     -2.5082103690E-04  -7.0905893667E-04   2.9653643963E-03   1.2320086347E-02  -6.1249333792E-02
   12      9.5922874959E-03  -3.6215737825E-02  -6.3301955250E-03   1.2350993999E-02  -3.7560581762E-03
   13     -3.8526509726E-03   1.1226087151E-02   1.4170441743E-03  -5.2414862597E-02   1.5441077836E-02
   14     -1.1987183705E-03   3.2972382633E-03   4.3565081468E-03  -9.2840706313E-03   1.3467588293E-03
   15     -2.8675328280E-01  -2.8342370568E-02   1.1345341541E-02   3.2686912275E-03  -1.0197909045E-03
   16     -2.8375526383E-02  -1.0212226843E-01  -1.2873115970E-02   1.5787230501E-03  -2.7336692901E-04
   17      1.1038352648E-02  -1.3028130517E-02  -1.8984730505E-02   3.0701235571E-04  -7.9141880000E-04
   18      1.6416818025E-03   9.0119461064E-04  -1.4122838634E-04   1.0514548087E-03  -3.3045042464E-04
   19      1.4573856853E-03   6.2877716386E-04   8.8987793909E-04   8.8422348048E-04  -2.5837327329E-04
   20      3.4056557485E-04   1.1027485837E-03  -4.5112091551E-03   3.8315889941E-04  -1.1431068462E-04
   21      5.7977182472E-03   3.1169355514E-03   2.1752449153E-04   3.6396966899E-03  -1.0442938807E-03
   22      6.0271834790E-04   1.9204265368E-04   7.0632711765E-04   4.1348956816E-04  -2.7830465126E-04
   23     -9.9871776074E-05   7.3182622900E-04  -3.8847549119E-03  -2.7422998254E-04   1.0072497169E-03
   24      2.8742402865E-02   1.8418818107E-02   2.5509605317E-03   1.7014790592E-02  -3.2041761171E-03
   25      8.8656142096E-03   5.7555371817E-03   7.9488420135E-04   5.2642757180E-03  -1.0558362616E-03
   26     -2.0329443734E-02  -1.2042162551E-02  -1.6975874965E-03  -1.2594052962E-02   3.6104571997E-03
   27     -4.5650389739E-02  -2.5251364509E-02  -3.6181993391E-03  -2.8394484762E-02   7.9330504938E-03
   28      9.4773558415E-03   4.5947743267E-03   6.8104365658E-04   6.1134416996E-03  -2.0977761308E-03
   29      1.5861981165E-02   9.0995128522E-03   1.2924490257E-03   9.7562851829E-03  -2.5298688365E-03
   30      2.9555886357E-01   3.9279910725E-02  -9.9494333825E-03   2.8546453614E-03  -8.6428858873E-04
   31      3.9279910725E-02   6.6729138848E-02   7.4962127291E-03   1.5132680091E-03  -4.6541258603E-04
   32     -9.9494333825E-03   7.4962127291E-03   1.1668183231E-02   2.1913452178E-04  -6.7131108352E-05
   33      2.8546453614E-03   1.5132680091E-03   2.1913452178E-04   1.4690561228E+00  -2.8792739102E-01
   34     -8.6428858873E-04  -4.6541258603E-04  -6.7131108352E-05  -2.8792739102E-01   1.4062975490E+00
   35      2.9592451650E-05   1.1377859919E-05   1.8050310350E-06  -1.3325813010E-01   2.3516384447E-01
   36      2.1160941428E-03   1.1144609833E-03   1.6165026438E-04  -5.6661317327E-01   3.8269472230E-01
   37     -1.0581670874E-03  -5.6019721855E-04  -8.1148691467E-05   3.9354183310E-01  -7.4527626052E-01
   38     -6.3758480143E-04  -3.3533982481E-04  -4.8656903759E-05   9.4468065083E-02  -1.3781763019E-01
   39      2.7140073631E-03   1.4355157010E-03   2.0799216471E-04  -6.2094486410E-01   3.0575107093E-02
   40      2.3156500958E-04   1.2099791280E-04   1.7585721294E-05  -5.8806212905E-02  -2.6769653837E-01
   41     -3.1865632558E-04  -1.6758684808E-04  -2.4316822699E-05   3.1873154024E-02  -4.1805868369E-02
   42      2.3341890196E-03   1.2320383415E-03   1.7860476751E-04   9.4126055967E-03  -7.5388146984E-02
   43      3.3347165542E-04   1.7720409798E-04   2.5645064039E-05  -1.2908201183E-03   1.3588066273E-02
   44     -3.2751746944E-04  -1.7327761529E-04  -2.5104607084E-05  -5.1479209120E-04   6.3748002089E-03
                   35                 36                 37                 38                 39        
    0      7.2764028498E-05   2.7520814971E-03  -1.3525412520E-03  -8.3287766753E-04   3.4795251184E-03
    1     -9.7341747793E-05  -1.6952329093E-03   7.9689594809E-04   5.1865813807E-04  -2.0664526999E-03
    2     -2.3386455083E-05  -5.5510768391E-04   2.6680323160E-04   1.6892736241E-04  -6.8908847775E-04
    3      2.8948952085E-04   3.1208563147E-03  -1.5588035545E-03  -9.4060168805E-04   3.9988492046E-03
    4     -4.9717971870E-04   1.4999294261E-03  -6.1435413271E-04  -4.7297454527E-04   1.6359455265E-03
    5      4.2079178795E-03  -7.5057654722E-04   3.9075359371E-04   2.2375916490E-04  -9.9536586891E-04
    6     -5.1448619891E-03  -1.7935149706E-02   8.3613334526E-03   5.6768246514E-03  -2.1790680159E-02
    7     -4.5730923908E-03  -1.0289224891E-02   4.9625009907E-03   2.6101954299E-03  -1.2589243615E-02
    8      5.5290411645E-03   4.3400895205E-03  -2.4805646440E-03   1.7912008862E-03   4.9308461207E-03
    9      1.0843094528E-02   5.6746963778E-02   3.8566202026E-02   2.8688584642E-03   1.1474177157E-02
   10     -6.1167819348E-02  -1.5300725083E-02  -1.1847792985E-02  -1.6150561176E-03  -1.6844956108E-03
   11     -5.6314886443E-02  -5.2572302591E-03  -4.3963417834E-03   2.0760776668E-03  -1.1360105331E-03
   12     -5.5823308989E-04   1.7246938292E-03  -8.5923202585E-04  -6.8536702176E-04   2.2752567295E-03
   13      3.9681338881E-03  -9.2701872047E-04   3.6585182211E-04   7.7355358507E-04  -1.1848673725E-03
   14      9.8484191549E-03  -5.0258101069E-04   6.5031000874E-04  -2.7304044525E-03  -2.9505844404E-04
   15      3.1501043034E-04   2.4227859225E-03  -1.2068803512E-03  -7.3071291266E-04   3.0974942549E-03
   16     -7.2956025318E-04   1.2889042698E-03  -6.1107358245E-04  -3.9353751162E-04   1.5821432175E-03
   17      4.6889358980E-03   3.8086720832E-05  -1.3563417388E-05  -1.2325719548E-05   3.7221337123E-05
   18      3.7011735204E-06   7.6723598346E-04  -3.8851179733E-04  -2.3041812893E-04   9.9430940647E-04
   19      1.4719657203E-05   6.6486001815E-04  -3.2872594085E-04  -2.0090431750E-04   8.4478369020E-04
   20      4.9808852212E-06   2.8573646157E-04  -1.4220466235E-04  -8.6198566956E-05   3.6503102812E-04
   21     -3.1594531505E-04   2.7170386964E-03  -1.3572643160E-03  -8.1886950470E-04   3.4817632496E-03
   22      1.0388030154E-03   2.6570967902E-04  -1.3125819373E-04  -8.0308956698E-05   3.3736902289E-04
   23     -6.0713770208E-03   6.0727942955E-05  -3.0252949213E-05  -1.8315240850E-05   7.7644161996E-05
   24      1.1013201026E-03   1.4549687830E-02  -6.5085062654E-03  -4.5028207537E-03   1.7033702400E-02
   25      1.0672062639E-03   4.5136825938E-03  -2.0027981860E-03  -1.3994177940E-03   5.2497042290E-03
   26     -4.3082715802E-03  -9.9482242459E-03   4.6665708179E-03   3.0452032276E-03  -1.2105685490E-02
   27     -6.8908173817E-04  -2.1716577261E-02   1.0593558144E-02   6.5845043227E-03  -2.7288628606E-02
   28     -8.3402529929E-05   4.2832822598E-03  -2.2407792027E-03  -1.2752290555E-03   5.7032920722E-03
   29      3.5326214780E-04   7.6589979756E-03  -3.6600574848E-03  -2.3340185050E-03   9.4627975883E-03
   30      2.9592451650E-05   2.1160941428E-03  -1.0581670874E-03  -6.3758480143E-04   2.7140073631E-03
   31      1.1377859919E-05   1.1144609833E-03  -5.6019721855E-04  -3.3533982481E-04   1.4355157010E-03
   32      1.8050310350E-06   1.6165026438E-04  -8.1148691467E-05  -4.8656903759E-05   2.0799216471E-04
   33     -1.3325813010E-01  -5.6661317327E-01   3.9354183310E-01   9.4468065083E-02  -6.2094486410E-01
   34      2.3516384447E-01   3.8269472230E-01  -7.4527626052E-01  -1.3781763019E-01   3.0575107093E-02
   35      1.1719832684E-01   9.3879664195E-02  -1.3959669188E-01  -5.0820201500E-02   4.5723372923E-02
   36      9.3879664195E-02   5.2354294909E-01  -4.3032403346E-01  -9.9492002743E-02  -5.2483363154E-03
   37     -1.3959669188E-01  -4.3032403346E-01   7.0832837729E-01   1.3712759308E-01  -5.9891853424E-03
   38     -5.0820201500E-02  -9.9492002743E-02   1.3712759308E-01   4.2871042144E-02   1.5486095847E-04
   39      4.5723372923E-02  -5.2483363154E-03  -5.9891853424E-03   1.5486095847E-04   7.5603795639E-01
   40     -3.5661062646E-02   6.1965340960E-02   4.9444021372E-02   1.2725329645E-03   4.7078581070E-02
   41     -3.2655799204E-02   1.0779099528E-02   5.9600243561E-03   1.3985497941E-02  -4.1173429916E-02
   42     -1.2291757116E-02   1.0528494704E-03  -4.5980126358E-04  -8.8185825666E-04  -1.2931453211E-01
   43      1.1420653617E-03   2.4534256729E-04  -2.8440746863E-04   1.2878651175E-03  -7.0928196981E-02
   44      8.3612332043E-03  -6.9833011750E-04   1.3387704251E-03  -8.1115875057E-03  -4.5651275524E-03
                   40                 41                 42                 43                 44        
    0      3.0896628781E-04  -4.1635473221E-04   3.0135994944E-03   4.2083871464E-04  -4.1953663880E-04
    1     -2.0227646877E-04   2.5941956098E-04  -1.8224235400E-03  -2.3952937889E-04   2.4859722674E-04
    2     -6.4303099621E-05   8.4470315051E-05  -6.0223538783E-04  -8.1618269823E-05   8.2992389553E-05
    3      3.4211094920E-04  -4.7010723082E-04   3.4408218100E-03   4.9083121272E-04  -4.8254045791E-04
    4      2.0890934537E-04  -2.3692355427E-04   1.5276047460E-03   1.6261906016E-04  -1.9534975771E-04
    5     -7.7047296070E-05   1.1177076778E-04  -8.4235931798E-04  -1.2666452815E-04   1.2035283085E-04
    6     -2.1309234174E-03   2.6071189399E-03  -1.9249691219E-02  -2.5116565549E-03   2.6195657346E-03
    7     -1.2792693274E-03   1.9793789527E-03  -1.1080163223E-02  -1.4776860155E-03   1.5187450936E-03
    8      9.2018558104E-04  -3.0714251941E-03   4.4969595755E-03   5.9078328891E-04  -6.1333827700E-04
    9     -5.1615678049E-02  -1.0381689872E-02   5.2550412130E-03   6.4781267263E-04  -3.0537912931E-04
   10      1.5026942395E-02   3.3244288580E-03  -1.7492011243E-04   1.5175188596E-04  -1.0321405110E-03
   11      6.7118620847E-03  -2.2251401652E-03   1.9510660260E-04  -1.0246958576E-03   6.0886710090E-03
   12      1.6013764134E-04  -1.2767034385E-04   1.9308885708E-03   2.8422323705E-04  -2.7378684321E-04
   13     -4.7685024510E-05  -2.3611104664E-04  -1.0223569167E-03  -1.3409363700E-04   1.3936455273E-04
