
$orca_hessian_file

$act_atom
  14

$act_coord
  2

$act_energy
        0.000000

$hessian
45
                    0                  1                  2                  3                  4        
    0      1.2084762656E+00  -7.4262417370E-02  -8.3573513486E-02  -5.3577821012E-01  -3.3795328482E-02
    1     -7.4262417370E-02   1.0159267818E+00   1.6009361450E-01   1.3569211085E-02  -2.2844209634E-01
    2     -8.3573513486E-02   1.6009361450E-01   1.2925126564E-01   3.3230608121E-02  -3.0458564927E-02
    3     -5.3577821012E-01   1.3569211085E-02   3.3230608121E-02   7.6360720940E-01   9.3276624493E-02
    4     -3.3795328482E-02  -2.2844209634E-01  -3.0458564927E-02   9.3276624493E-02   7.2808747267E-01
    5      2.3385261815E-02  -3.2037674178E-02  -4.2808847218E-02  -3.2668881425E-02   1.0810431875E-01
    6     -1.5021093385E-02  -7.0433715277E-02  -7.0208212941E-03  -3.1079021875E-01   6.7998662893E-02
    7     -1.9292434385E-02   1.1585030819E-02   4.5274233594E-03  -1.1073785230E-01  -5.4043351945E-01
    8      5.9672930373E-03   8.5129038870E-03   6.7611513547E-03   1.2625665625E-02  -1.1434182786E-01
    9      9.5118270359E-03  -2.2024539602E-03  -2.7050304296E-03   6.1319821761E-02  -2.3635947318E-02
   10     -6.0114907073E-04   8.3272377354E-04   1.7226791922E-03   3.2289132183E-02  -1.0337659841E-02
   11     -1.9906499915E-03   2.8225896757E-03  -8.1714226941E-03   1.9378129139E-03  -5.1286598335E-03
   12      4.9225880564E-02   3.1695460976E-02   2.3096462096E-03   5.1599882860E-03   7.5161234506E-03
   13     -1.5916403834E-02  -1.3055588962E-02  -2.3617926368E-03  -2.3556491211E-03   6.1095741915E-03
   14     -5.9055096713E-03  -5.1607592497E-03   7.6043991035E-03  -2.0881225023E-03   1.9236102297E-03
   15     -4.5459233186E-01   1.2700992819E-01   4.6130900274E-02   2.3549943838E-03   4.6807314441E-02
   16      1.2198851093E-01  -4.9450457986E-01  -8.2146153867E-02   2.8732583016E-04   3.1198987095E-02
   17      4.5678685528E-02  -8.1999153350E-02  -7.2072176934E-02   3.8055942446E-04   2.9973963941E-04
   18     -2.4217883201E-01  -5.1205153924E-02   4.9432485034E-03   6.0775376232E-03  -5.4845446585E-02
   19     -4.6162702333E-02  -3.2763860246E-01  -4.7811626749E-02  -7.6578573103E-05   2.2471411125E-02
   20      7.0519070993E-03  -4.8188941062E-02  -3.6543311850E-02   9.0978210101E-04   8.5429214331E-03
   21      7.0105039787E-03  -4.7805334550E-03  -1.5948562103E-03   8.7327855449E-03   3.0365100821E-03
   22      1.2562585196E-03  -6.9778674671E-04  -1.3030974440E-03   1.6666583783E-03   4.4513464434E-04
   23      6.6436873957E-04  -1.1633720151E-03   5.4791147035E-03   3.8197909140E-04   1.8400975919E-04
   24      6.8829939095E-03   3.2870493354E-02   2.8605007691E-03   4.0376942166E-02  -1.4603075208E-01
   25      1.6624089349E-03   1.3586627298E-02   7.0111434583E-04  -4.4351680875E-02  -4.1379003493E-02
   26     -1.4776028617E-02  -9.6867174121E-03   5.3931826887E-03  -3.8788058349E-02   6.2801485536E-02
   27     -4.1626768428E-02   1.5428706178E-02   1.0064520345E-02  -6.0994297598E-02   3.1975483312E-02
   28      1.5783886199E-02  -1.6873049630E-02  -5.1515732899E-03   1.5728540942E-02   3.0306355702E-02
   29      1.4498939741E-02   7.6874144416E-04  -2.7614081988E-03   2.3612879374E-02  -3.0142266473E-02
   30     -2.8477924377E-03  -1.0065978171E-02  -1.5682856294E-03   6.4119684618E-03   2.0700484186E-03
   31      5.0089698628E-02   3.8920149746E-02   1.9965948437E-03   1.7894964942E-03   1.6049875649E-03
   32      1.0147027095E-02   5.2396755876E-03   7.5452746916E-03   1.6150432244E-03  -4.8171833369E-04
   33      3.1618582058E-03  -2.2376914171E-03  -8.9358484406E-04   3.8973050187E-03   1.7272124665E-03
   34     -7.9328740466E-04   4.4139665369E-04   2.0965387873E-04  -1.1026513830E-03   1.4596953817E-04
   35     -9.2435509139E-04   6.5111099138E-04   2.6086385157E-04  -8.6800124906E-04  -1.2175525828E-03
   36      2.3575871539E-03  -1.6556946553E-03  -6.6473574422E-04   2.9022047498E-03   1.2713079984E-03
   37     -1.4565400976E-03   9.8718387227E-04   4.0635288474E-04  -1.8179267703E-03  -6.4544291863E-04
   38     -5.1984724334E-04   3.6154135818E-04   1.4614532467E-04  -6.4240374870E-04  -2.6645487202E-04
   39      3.1407927123E-03  -2.1429871791E-03  -8.7796470033E-04   3.9100999354E-03   1.4477747228E-03
   40      7.1314027003E-04  -5.2529458936E-04  -2.0403827382E-04   8.6081260820E-04   4.8044139874E-04
   41     -2.9588923185E-04   1.9695748711E-04   8.2114458765E-05  -3.7180341644E-04  -1.1707244055E-04
   42      2.2773191474E-03  -1.5871743674E-03  -6.4063188364E-04   2.8118691281E-03   1.1804121933E-03
   43      7.8635950285E-04  -5.4289535859E-04  -2.2058581667E-04   9.7453700961E-04   3.8738812107E-04
   44      5.9231027609E-04  -4.1051766579E-04  -1.6634492635E-04   7.3294081543E-04   2.9803197622E-04
                    5                  6                  7                  8                  9        
    0      2.3385261815E-02  -1.5021093385E-02  -1.9292434385E-02   5.9672930373E-03   9.5118270359E-03
    1     -3.2037674178E-02  -7.0433715277E-02   1.1585030819E-02   8.5129038870E-03  -2.2024539602E-03
    2     -4.2808847218E-02  -7.0208212941E-03   4.5274233594E-03   6.7611513547E-03  -2.7050304296E-03
    3     -3.2668881425E-02  -3.1079021875E-01  -1.1073785230E-01   1.2625665625E-02   6.1319821761E-02
    4      1.0810431875E-01   6.7998662893E-02  -5.4043351945E-01  -1.1434182786E-01  -2.3635947318E-02
    5      7.9397917760E-02   3.7730593901E-02  -6.3832593292E-02  -8.9311571505E-02  -1.1752426442E-02
    6      3.7730593901E-02   9.5731702579E-01  -4.7154917421E-02   6.4530574794E-03  -4.1428211369E-01
    7     -6.3832593292E-02  -4.7154917421E-02   1.2623180135E+00   1.4478435358E-01   6.2857991107E-02
    8     -8.9311571505E-02   6.4530574794E-03   1.4478435358E-01   4.6200431914E-01   4.1808243560E-02
    9     -1.1752426442E-02  -4.1428211369E-01   6.2857991107E-02   4.1808243560E-02   1.2689638752E+00
   10     -5.8750836817E-03   8.7020978518E-02  -4.6044771244E-01  -8.0236497095E-02   4.5390021922E-03
   11      1.3996434393E-02   4.9435243142E-02  -6.9515506920E-02  -5.7994151297E-02  -7.3312150603E-02
   12     -2.0574729215E-03  -5.5718010811E-02  -3.5140254076E-02   1.3056363040E-02  -6.0492663982E-01
   13      3.2496039216E-03   3.3700090708E-02   2.9258423133E-02   5.1227904248E-03  -6.2936727655E-02
   14     -8.2239660808E-03   1.3320541071E-02   8.6470276497E-03   5.7246123181E-03   2.2598421643E-02
   15      5.6725809142E-03  -3.4138376182E-02  -2.4111308701E-02   9.3067012404E-03   2.2334383366E-02
   16      2.1331397279E-03   5.3793204568E-03  -1.8863002114E-03   7.5285639006E-05  -6.5114899166E-04
   17      1.1212216962E-02   3.8329957298E-03   3.4630168402E-03  -9.1489007691E-03  -1.3744981212E-03
   18     -9.9611339951E-03  -3.3275737085E-03  -1.8895485117E-03   1.1862801109E-03   6.3834043353E-04
   19      3.5088140817E-03  -9.6385183524E-03  -6.9590294365E-03   2.1091699612E-03   3.4232476741E-03
   20     -2.7918649776E-03  -9.5244114010E-03  -7.4587162365E-03   6.7398996464E-03   3.1203711282E-03
   21     -3.4996743489E-03  -4.4440126413E-02  -3.1081892820E-02   1.3143674766E-02   4.7211129385E-03
   22     -6.8203485987E-04  -8.0702900211E-03  -5.5075636593E-03   1.2906623716E-03  -5.3357529845E-03
   23     -1.4770015584E-04  -1.7481729632E-03  -2.4614064399E-03   6.6001921954E-03   3.3935271478E-04
   24     -2.7681421328E-02  -1.3872209879E-01   1.3128958251E-01  -1.2821750923E-01  -2.8997331969E-02
   25     -1.4403756610E-02   1.4595850767E-01  -2.6895162848E-01   4.6260440713E-02   3.4177260762E-02
   26      7.2155917955E-02  -1.4301520874E-01   6.0525628981E-02  -7.6697208031E-01  -6.2019663355E-03
   27      2.8037972431E-02   1.2293992788E-01   1.1881812658E-01  -7.9609083036E-03  -7.1985880557E-02
   28      1.8096339524E-03  -1.8352857116E-01  -5.2249107186E-03  -1.4444989824E-02   3.8291163838E-02
   29     -4.4183468282E-02   5.3980779817E-02  -7.4989852941E-02   4.3001850952E-01   2.0800784034E-02
   30     -2.1630981197E-03  -3.2222915932E-02  -2.2535719388E-02   9.2529429199E-03   1.0429844181E-02
   31     -1.7426399479E-03  -1.2233923919E-02  -7.9929665755E-03   3.4863114626E-03   3.3878063569E-03
   32      5.9321852779E-03  -6.7888866985E-03  -4.6126890818E-03   1.9430408856E-03   2.4103569338E-03
   33     -1.2435072223E-03   1.9380278223E-02   1.4161620594E-02   8.7188845670E-03  -3.3150378927E-01
   34     -2.4747465333E-04  -8.1294287482E-03  -5.3266806249E-03  -2.7472449875E-03  -4.0262429941E-02
   35      4.6587352055E-03   1.9145897162E-03   5.7162210085E-05   3.3784580309E-03   1.0002391782E-02
   36     -1.1355164542E-03  -1.5700445977E-02  -1.0812322088E-02   4.7014670754E-03   5.7216087040E-02
   37      7.2713636062E-04   9.2700409547E-03   6.5710074703E-03  -3.2031311290E-03   3.7574987167E-02
   38      2.5291755051E-04   3.6244466186E-03   1.8261872644E-03   2.1704249255E-03   2.6397105335E-03
   39     -1.5577125507E-03  -2.0233531980E-02  -1.4020033180E-02   5.6468063759E-03   1.1829937861E-02
   40     -3.2594140261E-04  -5.0029742882E-03  -3.4536676690E-03   1.8591986158E-03  -5.0783901905E-02
   41      1.5028340577E-04   1.6912938748E-03   1.7207433544E-03  -3.0280414547E-03  -9.9690999515E-03
   42     -1.1055642512E-03  -1.5040726269E-02  -1.0351037921E-02   4.3110377378E-03   4.7305254126E-03
   43     -3.8544816733E-04  -5.1352620140E-03  -3.5484956050E-03   1.4725742373E-03   1.5569036567E-03
   44     -2.8919029062E-04  -3.8860402522E-03  -2.6807783322E-03   1.1141373238E-03   1.5955395519E-03
                   10                 11                 12                 13                 14        
    0     -6.0114907073E-04  -1.9906499915E-03   4.9225880564E-02  -1.5916403834E-02  -5.9055096713E-03
    1      8.3272377354E-04   2.8225896757E-03   3.1695460976E-02  -1.3055588962E-02  -5.1607592497E-03
    2      1.7226791922E-03  -8.1714226941E-03   2.3096462096E-03  -2.3617926368E-03   7.6043991035E-03
    3      3.2289132183E-02   1.9378129139E-03   5.1599882860E-03  -2.3556491211E-03  -2.0881225023E-03
    4     -1.0337659841E-02  -5.1286598335E-03   7.5161234506E-03   6.1095741915E-03   1.9236102297E-03
    5     -5.8750836817E-03   1.3996434393E-02  -2.0574729215E-03   3.2496039216E-03  -8.2239660808E-03
    6      8.7020978518E-02   4.9435243142E-02  -5.5718010811E-02   3.3700090708E-02   1.3320541071E-02
    7     -4.6044771244E-01  -6.9515506920E-02  -3.5140254076E-02   2.9258423133E-02   8.6470276497E-03
    8     -8.0236497095E-02  -5.7994151297E-02   1.3056363040E-02   5.1227904248E-03   5.7246123181E-03
    9      4.5390021922E-03  -7.3312150603E-02  -6.0492663982E-01  -6.2936727655E-02   2.2598421643E-02
   10      1.1523782453E+00   1.7204373066E-01  -6.1668567673E-02  -3.5272591630E-01  -4.5394249322E-02
   11      1.7204373066E-01   1.6539550105E-01   2.4131140404E-02  -4.4719443464E-02  -6.9650133692E-02
   12     -6.1668567673E-02   2.4131140404E-02   1.2122195592E+00   9.9076327645E-02  -5.1978137538E-02
   13     -3.5272591630E-01  -4.4719443464E-02   9.9076327645E-02   1.1366451018E+00   1.6319332901E-01
   14     -4.5394249322E-02  -6.9650133692E-02  -5.1978137538E-02   1.6319332901E-01   1.6541655232E-01
   15     -5.6353935017E-02  -1.0839617746E-02  -3.6307949723E-01  -7.7549289401E-02   5.4529718219E-03
   16      1.8159637338E-02   8.9182465006E-04  -6.7325300862E-02  -5.3834381132E-01  -7.6801689819E-02
   17      5.2061522622E-03   9.3761129772E-03   7.6681814614E-03  -7.5721695389E-02  -7.3672210180E-02
   18      4.4994351279E-05   5.6081461746E-06   3.8024962254E-06  -2.6295568479E-04   3.4329966585E-04
   19     -1.5148654745E-04  -4.0944593031E-04   1.3238827174E-03  -3.1932049743E-04  -1.4052391932E-03
   20     -8.9697620431E-05  -3.1907563319E-04   1.4716793316E-03  -1.5621976470E-03   5.8525566535E-03
   21      4.8360099298E-02   7.8023070431E-03  -2.7627648656E-01   5.6814586152E-02   2.3563380120E-02
   22      4.0430517803E-02   5.9107567173E-03   6.3442615375E-02  -3.0222946562E-01  -4.7781963415E-02
   23      2.5894709215E-03   7.2195552392E-03   2.5796996592E-02  -4.7415540743E-02  -5.3661079468E-02
   24     -1.6173646069E-02  -1.6977023819E-02   4.6375292626E-02   2.4516429501E-02  -1.1683775975E-03
   25      2.5213790696E-02   6.2861179160E-03   1.7332549371E-02   9.9973629138E-03  -9.1309300660E-04
   26      2.1530237073E-02  -3.9173108381E-02  -3.1748220065E-02  -9.2658584456E-03   6.5412116911E-03
   27      6.6605082849E-03   1.4903453777E-02  -4.3840244720E-02   4.9893248276E-03   8.7119455556E-03
   28      2.1652797536E-03  -6.8999723715E-03   4.4583658651E-03  -9.7814701694E-03  -3.3191007222E-03
   29     -9.8356094809E-03   2.4561489011E-02   2.2048979052E-02   2.6588220477E-03  -3.0256712955E-03
   30     -3.7433549961E-04  -7.4521209149E-04   1.3194399409E-02  -4.9608972893E-03  -1.7910285112E-03
   31      1.2173542285E-04  -1.1808225905E-03  -5.6943296762E-02   1.8887009854E-02   5.4854571878E-03
   32     -9.5000366469E-04   5.1616276040E-03  -9.2811232185E-03   1.9958849322E-03   7.6104164731E-03
   33     -2.6138866676E-02   1.3453585495E-02   1.2238590356E-02  -5.2397554742E-02  -9.3880230635E-03
   34     -4.1929549129E-01  -6.0491134521E-02  -3.7478827762E-03   1.5627336575E-02   1.4322084167E-03
   35     -6.1489600458E-02  -5.6428284987E-02  -1.2160631679E-03   4.6497068422E-03   1.0045601872E-02
   36     -1.5668470765E-02  -6.2464597337E-03   1.6083418087E-03  -8.1087974624E-04  -6.7983166606E-04
   37     -1.1877140608E-02  -4.7328706526E-03  -1.0089605457E-03   4.1106280451E-04   8.0058554605E-04
   38     -1.4629215635E-03   2.2956885263E-03  -5.4669144201E-04   6.7836465300E-04  -2.8204927952E-03
   39     -1.7513114450E-03  -1.4662073399E-03   2.2366955966E-03  -1.1015691716E-03  -5.1385491119E-04
   40      1.5406365462E-02   6.2976089894E-03   4.3824848797E-04  -2.0608035044E-04  -5.4118944273E-04
   41      3.2835375688E-03  -2.1322333267E-03  -6.8316510681E-05  -2.9428448104E-04   2.3824386358E-03
   42     -1.8443261104E-04  -9.1829595607E-05   1.5783288134E-03  -8.0483219226E-04  -4.7767441649E-04
   43      1.2711142987E-04  -1.1747723270E-03   5.5068880360E-04  -2.7421799481E-04  -1.6493386579E-04
   44     -1.0421447935E-03   5.8620012052E-03   4.1303877449E-04  -2.0768902166E-04  -1.2423555718E-04
                   15                 16                 17                 18                 19        
    0     -4.5459233186E-01   1.2198851093E-01   4.5678685528E-02  -2.4217883201E-01  -4.6162702333E-02
    1      1.2700992819E-01  -4.9450457986E-01  -8.1999153350E-02  -5.1205153924E-02  -3.2763860246E-01
    2      4.6130900274E-02  -8.2146153867E-02  -7.2072176934E-02   4.9432485034E-03  -4.7811626749E-02
    3      2.3549943838E-03   2.8732583016E-04   3.8055942446E-04   6.0775376232E-03  -7.6578573103E-05
    4      4.6807314441E-02   3.1198987095E-02   2.9973963941E-04  -5.4845446585E-02   2.2471411125E-02
    5      5.6725809142E-03   2.1331397279E-03   1.1212216962E-02  -9.9611339951E-03   3.5088140817E-03
    6     -3.4138376182E-02   5.3793204568E-03   3.8329957298E-03  -3.3275737085E-03  -9.6385183524E-03
    7     -2.4111308701E-02  -1.8863002114E-03   3.4630168402E-03  -1.8895485117E-03  -6.9590294365E-03
    8      9.3067012404E-03   7.5285639006E-05  -9.1489007691E-03   1.1862801109E-03   2.1091699612E-03
    9      2.2334383366E-02  -6.5114899166E-04  -1.3744981212E-03   6.3834043353E-04   3.4232476741E-03
   10     -5.6353935017E-02   1.8159637338E-02   5.2061522622E-03   4.4994351279E-05  -1.5148654745E-04
   11     -1.0839617746E-02   8.9182465006E-04   9.3761129772E-03   5.6081461746E-06  -4.0944593031E-04
   12     -3.6307949723E-01  -6.7325300862E-02   7.6681814614E-03   3.8024962254E-06   1.3238827174E-03
   13     -7.7549289401E-02  -5.3834381132E-01  -7.5721695389E-02  -2.6295568479E-04  -3.1932049743E-04
   14      5.4529718219E-03  -7.6801689819E-02  -7.3672210180E-02   3.4329966585E-04  -1.4052391932E-03
   15      1.0868342943E+00  -3.6216970414E-02  -6.7050241369E-02   4.6114500662E-02  -1.6741727850E-02
   16     -3.6216970414E-02   1.2307915033E+00   1.8855360325E-01   3.7976052399E-02  -1.4000992719E-02
   17     -6.7050241369E-02   1.8855360325E-01   1.6268679606E-01   3.9514109872E-03  -2.6203921138E-03
   18      4.6114500662E-02   3.7976052399E-02   3.9514109872E-03   1.9050782726E-01   6.8826744546E-02
   19     -1.6741727850E-02  -1.4000992719E-02  -2.6203921138E-03   6.8826744546E-02   3.1982485575E-01
   20     -4.0726133515E-03  -5.2627272795E-03   6.8238804518E-03   9.1060418461E-04   4.6331518849E-02
   21      5.2962322986E-02  -1.1324324285E-02  -5.0476817627E-03   1.6256690607E-04   2.1819401485E-03
   22      3.9281383231E-02  -1.1789538160E-02  -5.6915572608E-03   3.3842376661E-05   4.1423647746E-04
   23      4.2310003723E-03  -2.1118728948E-03   6.2887081004E-03   6.0379925370E-06   9.6273419208E-05
   24      2.4539589353E-02  -1.9469205423E-02  -5.8842122921E-03   3.9221029523E-03   6.1443717188E-03
   25      8.6070095073E-03  -8.1736801363E-03  -2.3012333553E-03   1.5058946711E-03   2.0897752965E-03
   26     -2.3817293058E-02   3.0807594531E-03   2.9195552719E-03  -2.2750736041E-03  -6.7313285101E-03
   27     -4.6813294135E-02  -1.6987989463E-02   1.6712318430E-03  -2.2401501091E-03  -1.4349251457E-02
   28      1.2522644891E-02   1.3365942566E-02   1.1099839580E-03  -2.5505499264E-04   4.2667264246E-03
   29      1.9218763219E-02   2.0582503143E-03  -1.5537986741E-03   1.3957468015E-03   5.6522881572E-03
   30     -3.4714270982E-01  -2.0312274354E-02   1.5751613749E-02   8.8938924694E-05   1.6785233762E-03
   31     -2.2400184276E-02  -2.2459283458E-01  -2.9524560566E-02   1.0276543217E-04   2.5230840140E-04
   32      1.6584171209E-02  -2.8977078329E-02  -4.7526736175E-02  -4.8170216810E-04   1.6358178245E-03
   33      3.0691111877E-03   1.9098212948E-03   3.3805760383E-04   6.3368039642E-05   9.7640362229E-04
   34     -8.7230954655E-04  -2.8275024242E-04  -7.8247452847E-04  -2.7924740510E-05  -2.5775775554E-04
   35     -5.9696758448E-04  -1.3612208081E-03   4.6678918108E-03  -1.8832777711E-05  -2.8577404392E-04
   36      2.2805126628E-03   1.4533037583E-03   2.9029446323E-05   4.8532147984E-05   7.2940295329E-04
   37     -1.4258639213E-03  -8.7542579608E-04  -1.2284177130E-05  -3.3562726977E-05  -4.5443716045E-04
   38     -5.0453070434E-04  -3.1822997288E-04  -5.8411897631E-06  -1.1055904727E-05  -1.6121008596E-04
   39      3.0678694520E-03   1.8966877190E-03   2.8748562404E-05   7.0941243104E-05   9.7839843064E-04
   40      6.7822171958E-04   4.5497661186E-04   1.2651555270E-05   1.2228725353E-05   2.1802880110E-04
   41     -2.9135742662E-04  -1.7558700364E-04  -1.9284897885E-06  -7.1772435115E-06  -9.2698559210E-05
   42      2.2086309237E-03   1.3961914110E-03   2.6119210379E-05   4.8097133489E-05   7.0586337811E-04
   43      7.6508715260E-04   4.7886616245E-04   8.2032384211E-06   1.7124665145E-05   2.4428430554E-04
   44      5.7553219021E-04   3.6169694370E-04   6.4307837584E-06   1.2739301153E-05   1.8383289379E-04
                   20                 21                 22                 23                 24        
    0      7.0519070993E-03   7.0105039787E-03   1.2562585196E-03   6.6436873957E-04   6.8829939095E-03
    1     -4.8188941062E-02  -4.7805334550E-03  -6.9778674671E-04  -1.1633720151E-03   3.2870493354E-02
    2     -3.6543311850E-02  -1.5948562103E-03  -1.3030974440E-03   5.4791147035E-03   2.8605007691E-03
    3      9.0978210101E-04   8.7327855449E-03   1.6666583783E-03   3.8197909140E-04   4.0376942166E-02
    4      8.5429214331E-03   3.0365100821E-03   4.4513464434E-04   1.8400975919E-04  -1.4603075208E-01
    5     -2.7918649776E-03  -3.4996743489E-03  -6.8203485987E-04  -1.4770015584E-04  -2.7681421328E-02
    6     -9.5244114010E-03  -4.4440126413E-02  -8.0702900211E-03  -1.7481729632E-03  -1.3872209879E-01
    7     -7.4587162365E-03  -3.1081892820E-02  -5.5075636593E-03  -2.4614064399E-03   1.3128958251E-01
    8      6.7398996464E-03   1.3143674766E-02   1.2906623716E-03   6.6001921954E-03  -1.2821750923E-01
    9      3.1203711282E-03   4.7211129385E-03  -5.3357529845E-03   3.3935271478E-04  -2.8997331969E-02
   10     -8.9697620431E-05   4.8360099298E-02   4.0430517803E-02   2.5894709215E-03  -1.6173646069E-02
   11     -3.1907563319E-04   7.8023070431E-03   5.9107567173E-03   7.2195552392E-03  -1.6977023819E-02
   12      1.4716793316E-03  -2.7627648656E-01   6.3442615375E-02   2.5796996592E-02   4.6375292626E-02
   13     -1.5621976470E-03   5.6814586152E-02  -3.0222946562E-01  -4.7415540743E-02   2.4516429501E-02
   14      5.8525566535E-03   2.3563380120E-02  -4.7781963415E-02  -5.3661079468E-02  -1.1683775975E-03
   15     -4.0726133515E-03   5.2962322986E-02   3.9281383231E-02   4.2310003723E-03   2.4539589353E-02
   16     -5.2627272795E-03  -1.1324324285E-02  -1.1789538160E-02  -2.1118728948E-03  -1.9469205423E-02
   17      6.8238804518E-03  -5.0476817627E-03  -5.6915572608E-03   6.2887081004E-03  -5.8842122921E-03
   18      9.1060418461E-04   1.6256690607E-04   3.3842376661E-05   6.0379925370E-06   3.9221029523E-03
   19      4.6331518849E-02   2.1819401485E-03   4.1423647746E-04   9.6273419208E-05   6.1443717188E-03
   20      2.9525133163E-02   1.8274958500E-03   3.4891429882E-04   7.9884564905E-05   7.4348729000E-03
   21      1.8274958500E-03   2.5316328221E-01  -9.0855234649E-02  -2.8752931181E-02   3.3514889945E-02
   22      3.4891429882E-04  -9.0855234649E-02   2.7418752339E-01   4.6852720092E-02   5.7639096778E-03
   23      7.9884564905E-05  -2.8752931181E-02   4.6852720092E-02   4.1358071216E-02   1.7068751217E-03
   24      7.4348729000E-03   3.3514889945E-02   5.7639096778E-03   1.7068751217E-03   1.2928867807E+00
   25      2.6422786705E-03   1.1885813008E-02   2.0219302334E-03   6.1378682819E-04  -2.4974684564E-01
   26     -6.8095181578E-03  -3.0990343813E-02  -5.5907515626E-03  -1.4788766626E-03   2.4817336681E-01
   27     -1.2791921506E-02  -5.8671052686E-02  -1.0983612285E-02  -2.6477603571E-03  -1.3613079483E+00
   28      3.1951130865E-03   1.4836701089E-02   2.9361828018E-03   6.0912952730E-04   2.2113111336E-01
   29      5.3779652701E-03   2.4564945664E-02   4.5103091031E-03   1.1422673534E-03  -7.9580634320E-02
   30      8.3715990612E-04   6.1277908718E-03   1.2481767423E-03  -1.6723956650E-04   2.4122273983E-02
   31      1.7197527296E-03   1.8646384834E-03   1.4821052077E-04   1.2418965590E-03   1.0786529184E-02
   32     -7.6389494628E-03   7.2846311640E-04   1.3881531218E-03  -6.8472789698E-03   5.4732870241E-03
   33      8.1159576961E-04   3.7160895720E-03   7.7941840801E-04  -2.1540904040E-04   1.6867987802E-02
   34     -2.2164730139E-04  -9.5510130559E-04  -3.6346318650E-04   9.6450372945E-04  -2.1669084803E-03
   35     -2.3772711733E-04  -1.4736795749E-03   7.9957849974E-04  -6.0209809883E-03  -5.1181812662E-03
   36      6.0707551203E-04   2.7973106496E-03   5.3492876382E-04   1.2195284113E-04   1.2371953440E-02
   37     -3.8042115722E-04  -1.7522180260E-03  -3.3446532801E-04  -7.6623142593E-05  -7.0395894167E-03
   38     -1.3439137978E-04  -6.1918505706E-04  -1.1834604292E-04  -2.7017324043E-05  -2.6681813318E-03
   39      8.1817141504E-04   3.7687712623E-03   7.1962814867E-04   1.6471369850E-04   1.5421252491E-02
   40      1.7995835563E-04   8.2970280639E-04   1.5908212674E-04   3.6012749666E-05   4.1560385468E-03
   41     -7.7818998691E-05  -3.5836427079E-04  -6.8344529037E-05  -1.5694016802E-05  -1.3694603931E-03
   42      5.8823105995E-04   2.7102387962E-03   5.1807031817E-04   1.1823594346E-04   1.1745319743E-02
   43      2.0389088064E-04   9.3931347299E-04   1.7946469998E-04   4.1011649840E-05   3.9684792506E-03
   44      1.5333782786E-04   7.0644965888E-04   1.3500091051E-04   3.0834212658E-05   3.0160989505E-03
                   25                 26                 27                 28                 29        
    0      1.6624089349E-03  -1.4776028617E-02  -4.1626768428E-02   1.5783886199E-02   1.4498939741E-02
    1      1.3586627298E-02  -9.6867174121E-03   1.5428706178E-02  -1.6873049630E-02   7.6874144416E-04
    2      7.0111434583E-04   5.3931826887E-03   1.0064520345E-02  -5.1515732899E-03  -2.7614081988E-03
    3     -4.4351680875E-02  -3.8788058349E-02  -6.0994297598E-02   1.5728540942E-02   2.3612879374E-02
    4     -4.1379003493E-02   6.2801485536E-02   3.1975483312E-02   3.0306355702E-02  -3.0142266473E-02
    5     -1.4403756610E-02   7.2155917955E-02   2.8037972431E-02   1.8096339524E-03  -4.4183468282E-02
    6      1.4595850767E-01  -1.4301520874E-01   1.2293992788E-01  -1.8352857116E-01   5.3980779817E-02
    7     -2.6895162848E-01   6.0525628981E-02   1.1881812658E-01  -5.2249107186E-03  -7.4989852941E-02
    8      4.6260440713E-02  -7.6697208031E-01  -7.9609083036E-03  -1.4444989824E-02   4.3001850952E-01
    9      3.4177260762E-02  -6.2019663355E-03  -7.1985880557E-02   3.8291163838E-02   2.0800784034E-02
   10      2.5213790696E-02   2.1530237073E-02   6.6605082849E-03   2.1652797536E-03  -9.8356094809E-03
   11      6.2861179160E-03  -3.9173108381E-02   1.4903453777E-02  -6.8999723715E-03   2.4561489011E-02
   12      1.7332549371E-02  -3.1748220065E-02  -4.3840244720E-02   4.4583658651E-03   2.2048979052E-02
   13      9.9973629138E-03  -9.2658584456E-03   4.9893248276E-03  -9.7814701694E-03   2.6588220477E-03
   14     -9.1309300660E-04   6.5412116911E-03   8.7119455556E-03  -3.3191007222E-03  -3.0256712955E-03
   15      8.6070095073E-03  -2.3817293058E-02  -4.6813294135E-02   1.2522644891E-02   1.9218763219E-02
   16     -8.1736801363E-03   3.0807594531E-03  -1.6987989463E-02   1.3365942566E-02   2.0582503143E-03
   17     -2.3012333553E-03   2.9195552719E-03   1.6712318430E-03   1.1099839580E-03  -1.5537986741E-03
   18      1.5058946711E-03  -2.2750736041E-03  -2.2401501091E-03  -2.5505499264E-04   1.3957468015E-03
   19      2.0897752965E-03  -6.7313285101E-03  -1.4349251457E-02   4.2667264246E-03   5.6522881572E-03
   20      2.6422786705E-03  -6.8095181578E-03  -1.2791921506E-02   3.1951130865E-03   5.3779652701E-03
   21      1.1885813008E-02  -3.0990343813E-02  -5.8671052686E-02   1.4836701089E-02   2.4564945664E-02
   22      2.0219302334E-03  -5.5907515626E-03  -1.0983612285E-02   2.9361828018E-03   4.5103091031E-03
   23      6.1378682819E-04  -1.4788766626E-03  -2.6477603571E-03   6.0912952730E-04   1.1422673534E-03
   24     -2.4974684564E-01   2.4817336681E-01  -1.3613079483E+00   2.2113111336E-01  -7.9580634320E-02
   25      4.1214738166E-01  -1.3774426957E-01   4.4217968426E-02  -1.5010447847E-01   9.8379497127E-02
   26     -1.3774426957E-01   1.7250041830E+00   1.1641203589E-01   2.6703994115E-02  -9.9445995792E-01
   27      4.4217968426E-02   1.1641203589E-01   1.6995974393E+00  -1.7206687896E-01  -1.5767646490E-01
   28     -1.5010447847E-01   2.6703994115E-02  -1.7206687896E-01   1.2863256153E-01  -3.1972866964E-03
   29      9.8379497127E-02  -9.9445995792E-01  -1.5767646490E-01  -3.1972866964E-03   5.8536684996E-01
   30      8.5411984011E-03  -2.2465046701E-02  -4.2775324871E-02   1.0914136464E-02   1.7855441797E-02
   31      3.9536928831E-03  -8.4651149407E-03  -1.3718577696E-02   2.5519820721E-03   6.2549288375E-03
   32      1.9702625356E-03  -4.7176562293E-03  -8.4063931253E-03   1.9171045637E-03   3.6359688063E-03
   33      6.0965100639E-03  -1.5022075415E-02  -2.6742725911E-02   6.2632237145E-03   1.1475228652E-02
   34     -8.2226680697E-04   3.4249690038E-03   6.4774143650E-03  -2.1023614147E-03  -2.4532532198E-03
   35     -1.1308954330E-03   6.2865357304E-04   7.8121821233E-03  -1.8445980155E-03  -3.3438473694E-03
   36      4.4309307122E-03  -1.0930811195E-02  -1.9915507788E-02   4.7267063793E-03   8.5108944146E-03
   37     -2.4987404576E-03   6.4834442401E-03   1.2234905109E-02  -3.0782246462E-03  -5.1313909664E-03
   38     -9.5336776397E-04   2.3835197206E-03   4.3845188245E-03  -1.0578923206E-03  -1.8640952880E-03
   39      5.4836014485E-03  -1.4088360951E-02  -2.6410219745E-02   6.5744979752E-03   1.1115691250E-02
   40      1.5038282724E-03  -3.4911842353E-03  -6.0715132513E-03   1.3215273296E-03   2.6612405627E-03
   41     -4.8365249876E-04   1.2900171136E-03   2.4785306873E-03  -6.4118282358E-04  -1.0297022753E-03
   42      4.1988735464E-03  -1.0466915863E-02  -1.9213952386E-02   4.6195243756E-03   8.1780253985E-03
   43      1.4154085952E-03  -3.5752937204E-03  -6.6246139708E-03   1.6179368755E-03   2.8055821873E-03
   44      1.0767701049E-03  -2.7050433750E-03  -4.9929432919E-03   1.2116368665E-03   2.1188993757E-03
                   30                 31                 32                 33                 34        
    0     -2.8477924377E-03   5.0089698628E-02   1.0147027095E-02   3.1618582058E-03  -7.9328740466E-04
    1     -1.0065978171E-02   3.8920149746E-02   5.2396755876E-03  -2.2376914171E-03   4.4139665369E-04
    2     -1.5682856294E-03   1.9965948437E-03   7.5452746916E-03  -8.9358484406E-04   2.0965387873E-04
    3      6.4119684618E-03   1.7894964942E-03   1.6150432244E-03   3.8973050187E-03  -1.1026513830E-03
    4      2.0700484186E-03   1.6049875649E-03  -4.8171833369E-04   1.7272124665E-03   1.4596953817E-04
    5     -2.1630981197E-03  -1.7426399479E-03   5.9321852779E-03  -1.2435072223E-03  -2.4747465333E-04
    6     -3.2222915932E-02  -1.2233923919E-02  -6.7888866985E-03   1.9380278223E-02  -8.1294287482E-03
    7     -2.2535719388E-02  -7.9929665755E-03  -4.6126890818E-03   1.4161620594E-02  -5.3266806249E-03
    8      9.2529429199E-03   3.4863114626E-03   1.9430408856E-03   8.7188845670E-03  -2.7472449875E-03
    9      1.0429844181E-02   3.3878063569E-03   2.4103569338E-03  -3.3150378927E-01  -4.0262429941E-02
   10     -3.7433549961E-04   1.2173542285E-04  -9.5000366469E-04  -2.6138866676E-02  -4.1929549129E-01
   11     -7.4521209149E-04  -1.1808225905E-03   5.1616276040E-03   1.3453585495E-02  -6.0491134521E-02
   12      1.3194399409E-02  -5.6943296762E-02  -9.2811232185E-03   1.2238590356E-02  -3.7478827762E-03
   13     -4.9608972893E-03   1.8887009854E-02   1.9958849322E-03  -5.2397554742E-02   1.5627336575E-02
   14     -1.7910285112E-03   5.4854571878E-03   7.6104164731E-03  -9.3880230635E-03   1.4322084167E-03
   15     -3.4714270982E-01  -2.2400184276E-02   1.6584171209E-02   3.0691111877E-03  -8.7230954655E-04
   16     -2.0312274354E-02  -2.2459283458E-01  -2.8977078329E-02   1.9098212948E-03  -2.8275024242E-04
   17      1.5751613749E-02  -2.9524560566E-02  -4.7526736175E-02   3.3805760383E-04  -7.8247452847E-04
   18      8.8938924694E-05   1.0276543217E-04  -4.8170216810E-04   6.3368039642E-05  -2.7924740510E-05
   19      1.6785233762E-03   2.5230840140E-04   1.6358178245E-03   9.7640362229E-04  -2.5775775554E-04
   20      8.3715990612E-04   1.7197527296E-03  -7.6389494628E-03   8.1159576961E-04  -2.2164730139E-04
   21      6.1277908718E-03   1.8646384834E-03   7.2846311640E-04   3.7160895720E-03  -9.5510130559E-04
   22      1.2481767423E-03   1.4821052077E-04   1.3881531218E-03   7.7941840801E-04  -3.6346318650E-04
   23     -1.6723956650E-04   1.2418965590E-03  -6.8472789698E-03  -2.1540904040E-04   9.6450372945E-04
   24      2.4122273983E-02   1.0786529184E-02   5.4732870241E-03   1.6867987802E-02  -2.1669084803E-03
   25      8.5411984011E-03   3.9536928831E-03   1.9702625356E-03   6.0965100639E-03  -8.2226680697E-04
   26     -2.2465046701E-02  -8.4651149407E-03  -4.7176562293E-03  -1.5022075415E-02   3.4249690038E-03
   27     -4.2775324871E-02  -1.3718577696E-02  -8.4063931253E-03  -2.6742725911E-02   6.4774143650E-03
   28      1.0914136464E-02   2.5519820721E-03   1.9171045637E-03   6.2632237145E-03  -2.1023614147E-03
   29      1.7855441797E-02   6.2549288375E-03   3.6359688063E-03   1.1475228652E-02  -2.4532532198E-03
   30      3.5509222264E-01   3.4528547864E-02  -1.3797645047E-02   2.7361493788E-03  -7.4424721234E-04
   31      3.4528547864E-02   1.6637322303E-01   2.1016633518E-02   7.8582698733E-04  -2.2601083352E-04
   32     -1.3797645047E-02   2.1016633518E-02   3.5090831336E-02   5.1569571163E-04  -1.4321728636E-04
   33      2.7361493788E-03   7.8582698733E-04   5.1569571163E-04   1.4575328103E+00  -2.8217155937E-01
   34     -7.4424721234E-04  -2.2601083352E-04  -1.4321728636E-04  -2.8217155937E-01   1.4107851990E+00
   35     -8.0137767523E-04  -2.3047053543E-04  -1.5111493334E-04  -1.3511284611E-01   2.4456221439E-01
   36      2.0463263890E-03   5.8901653838E-04   3.8599550744E-04  -5.5649468538E-01   3.7752959357E-01
   37     -1.2814322203E-03  -3.7248688217E-04  -2.4258856736E-04   3.8801686077E-01  -7.4611131214E-01
   38     -4.5291755350E-04  -1.3072865764E-04  -8.5519743725E-05   9.9211441883E-02  -1.4619635023E-01
   39      2.7563255767E-03   7.9977361309E-04   5.2145655577E-04  -6.1685420379E-01   3.2056704137E-02
   40      6.0721151470E-04   1.7228821459E-04   1.1393878861E-04  -5.6729598823E-02  -2.6573666823E-01
   41     -2.6204197939E-04  -7.6530564147E-05  -4.9693810321E-05   2.7329833779E-02  -4.3012494353E-02
   42      1.9825032310E-03   5.7188306940E-04   3.7425387969E-04   8.9318562565E-03  -7.5089981166E-02
   43      6.8704135362E-04   1.9871116360E-04   1.2982439006E-04  -1.0416269070E-03   1.3524860810E-02
   44      5.1673450251E-04   1.4929266285E-04   9.7604249399E-05   2.1122236372E-05   5.7017416670E-03
                   35                 36                 37                 38                 39        
    0     -9.2435509139E-04   2.3575871539E-03  -1.4565400976E-03  -5.1984724334E-04   3.1407927123E-03
    1      6.5111099138E-04  -1.6556946553E-03   9.8718387227E-04   3.6154135818E-04  -2.1429871791E-03
    2      2.6086385157E-04  -6.6473574422E-04   4.0635288474E-04   1.4614532467E-04  -8.7796470033E-04
    3     -8.6800124906E-04   2.9022047498E-03  -1.8179267703E-03  -6.4240374870E-04   3.9100999354E-03
    4     -1.2175525828E-03   1.2713079984E-03  -6.4544291863E-04  -2.6645487202E-04   1.4477747228E-03
    5      4.6587352055E-03  -1.1355164542E-03   7.2713636062E-04   2.5291755051E-04  -1.5577125507E-03
    6      1.9145897162E-03  -1.5700445977E-02   9.2700409547E-03   3.6244466186E-03  -2.0233531980E-02
    7      5.7162210085E-05  -1.0812322088E-02   6.5710074703E-03   1.8261872644E-03  -1.4020033180E-02
    8      3.3784580309E-03   4.7014670754E-03  -3.2031311290E-03   2.1704249255E-03   5.6468063759E-03
    9      1.0002391782E-02   5.7216087040E-02   3.7574987167E-02   2.6397105335E-03   1.1829937861E-02
   10     -6.1489600458E-02  -1.5668470765E-02  -1.1877140608E-02  -1.4629215635E-03  -1.7513114450E-03
   11     -5.6428284987E-02  -6.2464597337E-03  -4.7328706526E-03   2.2956885263E-03  -1.4662073399E-03
   12     -1.2160631679E-03   1.6083418087E-03  -1.0089605457E-03  -5.4669144201E-04   2.2366955966E-03
   13      4.6497068422E-03  -8.1087974624E-04   4.1106280451E-04   6.7836465300E-04  -1.1015691716E-03
   14      1.0045601872E-02  -6.7983166606E-04   8.0058554605E-04  -2.8204927952E-03  -5.1385491119E-04
   15     -5.9696758448E-04   2.2805126628E-03  -1.4258639213E-03  -5.0453070434E-04   3.0678694520E-03
   16     -1.3612208081E-03   1.4533037583E-03  -8.7542579608E-04  -3.1822997288E-04   1.8966877190E-03
   17      4.6678918108E-03   2.9029446323E-05  -1.2284177130E-05  -5.8411897631E-06   2.8748562404E-05
   18     -1.8832777711E-05   4.8532147984E-05  -3.3562726977E-05  -1.1055904727E-05   7.0941243104E-05
   19     -2.8577404392E-04   7.2940295329E-04  -4.5443716045E-04  -1.6121008596E-04   9.7839843064E-04
   20     -2.3772711733E-04   6.0707551203E-04  -3.8042115722E-04  -1.3439137978E-04   8.1817141504E-04
   21     -1.4736795749E-03   2.7973106496E-03  -1.7522180260E-03  -6.1918505706E-04   3.7687712623E-03
   22      7.9957849974E-04   5.3492876382E-04  -3.3446532801E-04  -1.1834604292E-04   7.1962814867E-04
   23     -6.0209809883E-03   1.2195284113E-04  -7.6623142593E-05  -2.7017324043E-05   1.6471369850E-04
   24     -5.1181812662E-03   1.2371953440E-02  -7.0395894167E-03  -2.6681813318E-03   1.5421252491E-02
   25     -1.1308954330E-03   4.4309307122E-03  -2.4987404576E-03  -9.5336776397E-04   5.4836014485E-03
   26      6.2865357304E-04  -1.0930811195E-02   6.4834442401E-03   2.3835197206E-03  -1.4088360951E-02
   27      7.8121821233E-03  -1.9915507788E-02   1.2234905109E-02   4.3845188245E-03  -2.6410219745E-02
   28     -1.8445980155E-03   4.7267063793E-03  -3.0782246462E-03  -1.0578923206E-03   6.5744979752E-03
   29     -3.3438473694E-03   8.5108944146E-03  -5.1313909664E-03  -1.8640952880E-03   1.1115691250E-02
   30     -8.0137767523E-04   2.0463263890E-03  -1.2814322203E-03  -4.5291755350E-04   2.7563255767E-03
   31     -2.3047053543E-04   5.8901653838E-04  -3.7248688217E-04  -1.3072865764E-04   7.9977361309E-04
   32     -1.5111493334E-04   3.8599550744E-04  -2.4258856736E-04  -8.5519743725E-05   5.2145655577E-04
   33     -1.3511284611E-01  -5.5649468538E-01   3.8801686077E-01   9.9211441883E-02  -6.1685420379E-01
   34      2.4456221439E-01   3.7752959357E-01  -7.4611131214E-01  -1.4619635023E-01   3.2056704137E-02
   35      1.2069367217E-01   9.7237899784E-02  -1.4668532787E-01  -5.3905638431E-02   4.2208892337E-02
   36      9.7237899784E-02   5.1271187339E-01  -4.2491549375E-01  -1.0329116690E-01  -5.0981092759E-03
   37     -1.4668532787E-01  -4.2491549375E-01   7.1037393690E-01   1.4449821066E-01  -5.8854075837E-03
   38     -5.3905638431E-02  -1.0329116690E-01   1.4449821066E-01   4.5849549815E-02   9.2176078438E-05
   39      4.2208892337E-02  -5.0981092759E-03  -5.8854075837E-03   9.2176078438E-05   7.5163732577E-01
   40     -3.7568585713E-02   6.2201712126E-02   4.8328303086E-02   2.0239950752E-03   4.5530082342E-02
   41     -3.2139718229E-02   1.1617337153E-02   6.3464517392E-03   1.3754457214E-02  -3.7102561625E-02
   42     -1.3045651246E-02   8.6801898549E-04  -4.7979895094E-04  -6.9631405302E-04  -1.2924394711E-01
   43      1.0942525234E-03   3.9595820455E-04  -4.2381819625E-04   1.2772024977E-03  -7.0585839977E-02
   44      7.8934355417E-03  -2.6313004183E-04   1.2024562239E-03  -8.0097069258E-03  -4.9899941954E-03
                   40                 41                 42                 43                 44        
    0      7.1314027003E-04  -2.9588923185E-04   2.2773191474E-03   7.8635950285E-04   5.9231027609E-04
    1     -5.2529458936E-04   1.9695748711E-04  -1.5871743674E-03  -5.4289535859E-04  -4.1051766579E-04
    2     -2.0403827382E-04   8.2114458765E-05  -6.4063188364E-04  -2.2058581667E-04  -1.6634492635E-04
    3      8.6081260820E-04  -3.7180341644E-04   2.8118691281E-03   9.7453700961E-04   7.3294081543E-04
    4      4.8044139874E-04  -1.1707244055E-04   1.1804121933E-03   3.8738812107E-04   2.9803197622E-04
    5     -3.2594140261E-04   1.5028340577E-04  -1.1055642512E-03  -3.8544816733E-04  -2.8919029062E-04
    6     -5.0029742882E-03   1.6912938748E-03  -1.5040726269E-02  -5.1352620140E-03  -3.8860402522E-03
    7     -3.4536676690E-03   1.7207433544E-03  -1.0351037921E-02  -3.5484956050E-03  -2.6807783322E-03
    8      1.8591986158E-03  -3.0280414547E-03   4.3110377378E-03   1.4725742373E-03   1.1141373238E-03
    9     -5.0783901905E-02  -9.9690999515E-03   4.7305254126E-03   1.5569036567E-03   1.5955395519E-03
   10      1.5406365462E-02   3.2835375688E-03  -1.8443261104E-04   1.2711142987E-04  -1.0421447935E-03
   11      6.2976089894E-03  -2.1322333267E-03  -9.1829595607E-05  -1.1747723270E-03   5.8620012052E-03
   12      4.3824848797E-04  -6.8316510681E-05   1.5783288134E-03   5.5068880360E-04   4.1303877449E-04
   13     -2.0608035044E-04  -2.9428448104E-04  -8.0483219226E-04  -2.7421799481E-04  -2.0768902166E-04
