
$orca_hessian_file

$act_atom
  13

$act_coord
  2

$act_energy
        0.000000

$hessian
42
                    0                  1                  2                  3                  4        
    0      1.1905322464E+00  -1.0201053273E-01  -5.2549870381E-02  -5.2561282509E-01   2.0287569578E-02
    1     -1.0201053273E-01   4.9178508797E-01   4.7228778220E-01   4.9867739833E-02  -1.1705296862E-01
    2     -5.2549870381E-02   4.7228778220E-01   6.6687997279E-01   2.6738176302E-02  -9.6127781258E-02
    3     -5.2561282509E-01   4.9867739833E-02   2.6738176302E-02   7.8983108302E-01   3.3683391337E-02
    4      2.0287569578E-02  -1.1705296862E-01  -9.6127781258E-02   3.3683391337E-02   3.2725538791E-01
    5     -7.1776948887E-03  -9.3988587545E-02  -1.5097183733E-01   9.1309206862E-02   3.2366847139E-01
    6     -3.3357749283E-02  -5.5382468479E-02  -6.7491120964E-02  -3.4056803749E-01   4.7370049769E-02
    7     -7.9526109757E-03   1.3178645171E-02   7.6078204471E-03  -8.1748962169E-02  -2.6447156976E-01
    8     -2.0067929481E-02   1.0762960134E-03   7.0698636577E-03  -1.2910954669E-01  -2.2605799800E-01
    9      1.2214870909E-02   5.2694694666E-04   1.6634479468E-03   6.5969762192E-02  -2.6888359787E-02
   10     -1.3979792675E-03  -4.2976270496E-03   5.3600121939E-03   1.5569263406E-02   2.6158687377E-03
   11     -1.6762675324E-04   4.8311025522E-03  -3.0851967623E-03   2.1995785906E-02  -1.4707906535E-02
   12      4.9327416639E-02   1.4868642599E-02   2.0109673187E-02   3.8916805323E-03   6.1131994497E-03
   13     -1.6720747069E-02  -1.9772779892E-03  -1.2473951639E-02  -3.0240001792E-03  -2.4462850652E-03
   14     -1.6839009959E-02  -1.1337720669E-02  -6.7539235910E-03  -1.2827576501E-03   8.9800167821E-03
   15     -4.2767669153E-01   9.1081581189E-02   8.8080278819E-02   9.8031468775E-03   3.1830532841E-02
   16      8.7836701493E-02  -2.5479043036E-01  -2.3649105754E-01   3.3813109268E-03   1.4851116768E-02
   17      8.4776799080E-02  -2.3651212463E-01  -3.3675185530E-01   4.7911173803E-03   6.9791723128E-03
   18     -2.5151374406E-01  -3.1327796800E-02  -5.2853345402E-02   2.9106207809E-03  -3.2820772903E-02
   19     -2.4636570551E-02  -1.4611461239E-01  -1.4553859675E-01   4.4176102851E-03   1.1666317949E-02
   20     -4.5623077761E-02  -1.4540629211E-01  -2.0723791044E-01   4.4734402363E-03   1.5790993373E-02
   21      1.1679566209E-02   3.4694351413E-02   4.0921853483E-02   2.7327394349E-02  -1.0518641178E-01
   22     -5.1787853544E-03   2.3083089471E-03  -1.9803183365E-03  -4.1866974434E-02   3.5223948670E-02
   23      2.6492421184E-03   1.1690180512E-02   1.7592892995E-02  -3.5359057152E-02  -4.5344320402E-02
   24     -4.5845918977E-02   8.5274151853E-03   8.0877257500E-03  -6.3793539221E-02   1.9059900464E-02
   25      1.8818367399E-02  -6.1518481842E-03  -6.4315069288E-03   2.4615327371E-02  -1.3030640068E-02
   26      1.6451674397E-02  -1.3720588623E-02  -1.5412755261E-02   2.0406179326E-02   3.2888168309E-02
   27      3.0568936239E-03  -3.3850122191E-03  -4.3194325534E-03   7.6413803427E-03   1.6246032612E-03
   28      3.5016015262E-02   1.7712219924E-02   1.4431760573E-02   4.5455432317E-04   4.4203869523E-03
   29      4.1890763227E-02   1.2379588175E-02   2.4629667403E-02   3.5697011344E-04  -2.7224219838E-03
   30      6.3402490690E-03  -2.5156796782E-03  -3.0385542949E-03   8.3601031573E-03   1.4354191089E-03
   31      2.3564924162E-04   3.4242072047E-03  -2.7834996941E-03   1.4141674181E-04  -1.7180676825E-04
   32      1.5108987374E-03  -3.4900015874E-03   1.6738508940E-03   2.1673999785E-03   2.4314758313E-04
   33      3.3460921952E-03  -1.2566806800E-03  -1.3346614687E-03   4.4719789503E-03   4.1544639464E-04
   34     -1.4829456054E-03   5.3336428128E-04   5.6383237704E-04  -1.8483725645E-03   2.4602811211E-03
   35     -1.3169992182E-03   3.9472551691E-04   4.0808315200E-04  -1.9034865761E-03  -1.9800946394E-03
   36      2.9858367204E-03  -1.5218494534E-03  -1.6609286614E-03   3.8672249374E-03   1.3754012033E-03
   37     -2.8157759294E-03   1.4142339142E-03   1.5417584486E-03  -3.6531227220E-03  -1.2392753239E-03
   38     -2.7934281691E-03   1.4301414857E-03   1.5613621473E-03  -3.6161483693E-03  -1.3043256590E-03
   39      4.5237571236E-03  -2.1666571247E-03  -2.3532417595E-03   5.9000266666E-03   1.7000310552E-03
   40      1.6445074495E-06   2.8697191106E-05   3.3745927430E-05   1.0817846373E-05  -8.0762495751E-05
   41     -7.4374095038E-04   3.6549871997E-04   3.9778565566E-04  -9.6727966608E-04  -3.0512127184E-04
                    5                  6                  7                  8                  9        
    0     -7.1776948887E-03  -3.3357749283E-02  -7.9526109757E-03  -2.0067929481E-02   1.2214870909E-02
    1     -9.3988587545E-02  -5.5382468479E-02   1.3178645171E-02   1.0762960134E-03   5.2694694666E-04
    2     -1.5097183733E-01  -6.7491120964E-02   7.6078204471E-03   7.0698636577E-03   1.6634479468E-03
    3      9.1309206862E-02  -3.4056803749E-01  -8.1748962169E-02  -1.2910954669E-01   6.5969762192E-02
    4      3.2366847139E-01   4.7370049769E-02  -2.6447156976E-01  -2.2605799800E-01  -2.6888359787E-02
    5      4.4932811964E-01   3.7723893130E-02  -2.5151504672E-01  -3.3809802462E-01  -2.7611105129E-02
    6      3.7723893130E-02   9.2024143475E-01  -2.9500261216E-02  -2.5828590635E-02  -3.9022537561E-01
    7     -2.5151504672E-01  -2.9500261216E-02   6.9117757901E-01   5.0674225000E-01   6.0265879957E-02
    8     -3.3809802462E-01  -2.5828590635E-02   5.0674225000E-01   8.6647378898E-01   4.8408650791E-02
    9     -2.7611105129E-02  -3.9022537561E-01   6.0265879957E-02   4.8408650791E-02   1.3058111142E+00
   10     -1.3877416228E-02   7.3818767394E-02  -2.3848381506E-01  -2.1962295819E-01  -5.4261530691E-02
   11     -1.4564002330E-03   5.8392795750E-02  -2.2387517395E-01  -3.1074112827E-01   1.5714514081E-03
   12      9.0774927341E-03  -4.7850619881E-02  -7.6782639640E-03  -2.1842220251E-02  -6.3680712798E-01
   13      8.1396404891E-03   2.8057251617E-02   1.6706075805E-02   1.1541269236E-02   1.8660088603E-03
   14      1.2849976223E-03   2.4234139137E-02   9.0126318626E-03   1.6838694364E-02  -2.8621943005E-02
   15      3.9886344444E-02  -3.2496569812E-02  -7.9117875271E-03  -1.8699696506E-02   1.4317001228E-02
   16      4.8334300853E-03   9.1198366174E-03  -5.1051625412E-03   6.0813401523E-03  -5.2793672162E-04
   17      2.0395229299E-02   5.1696011173E-03   2.7570326568E-03  -4.7195616980E-03   1.0251776638E-03
   18     -3.8869557134E-02  -1.9215444435E-02  -3.5271610172E-03  -9.9219437650E-03   5.2962677804E-03
   19      1.9195860113E-02  -1.7645679623E-02  -1.5053039172E-03  -1.1835816309E-02   5.6540254736E-03
   20      1.6589222414E-02  -1.7063188167E-02  -5.6658307040E-03  -7.7873864141E-03   5.4199743125E-03
   21     -1.3149991355E-01  -8.6182799703E-02   3.3586119213E-02   1.3662995751E-01  -5.3203478579E-02
   22     -2.8228540650E-03   1.1209992379E-02  -3.5509208198E-01   4.6387761520E-02   2.4780320779E-02
   23     -2.3353605679E-02   1.6948441350E-01   5.5346049987E-02  -2.9202897178E-01   1.6252094017E-02
   24      1.3567422060E-02   1.2493147012E-01   5.8210919705E-02   9.5073969054E-02  -6.0700009700E-02
   25      1.4144991841E-02  -7.6847133620E-02   1.3613529260E-01  -1.1409049857E-01   3.0682853775E-02
   26      2.3346808733E-02  -1.8556544055E-01  -9.2289074283E-02   5.5852643099E-02   4.0950682609E-02
   27      3.1698519960E-03  -3.3704928034E-02  -7.0980220733E-03  -1.8284735875E-02   1.0345254004E-02
   28     -2.6073025220E-03  -3.1125632898E-03  -4.6201867194E-04  -1.3823513811E-03   8.0891668103E-04
   29      3.5040839819E-03  -4.6165300347E-03  -7.6345723720E-04  -2.1740513878E-03   9.6755249165E-04
   30      3.4515946139E-03  -3.6200981053E-02  -7.5010657560E-03  -1.9910173322E-02   8.1333834846E-03
   31     -1.9148158851E-04   5.4465614517E-04   3.9752152081E-03  -3.3147137162E-03  -9.3963469045E-04
   32      7.3047361863E-04  -8.9133989407E-03  -5.2766532451E-03  -2.0422545162E-03   1.0467433376E-03
   33      1.1579678068E-03   2.3821379487E-02   1.0646510434E-02   9.3474876740E-03  -3.4445356799E-01
   34     -2.5907464203E-03  -6.8317562960E-03   1.4376497878E-04  -5.4366088070E-03  -1.9944742041E-02
   35      1.6413239702E-03  -9.4274556791E-03  -6.7292200142E-03  -1.1072078847E-03  -3.5834483544E-02
   36      2.5031578831E-03  -2.0255849008E-02  -4.0172346133E-03  -1.0478256731E-02   5.8130769909E-03
   37     -2.2881455969E-03   1.8757893935E-02   1.9406494903E-03   1.1318599841E-02  -4.2906886531E-02
   38     -2.3638610579E-03   1.9094423324E-02   5.2006827155E-03   8.6222220935E-03  -5.0481554328E-02
   39      3.3113391619E-03  -2.8935930083E-02  -5.7740599989E-03  -1.5316971769E-02   5.7488829070E-02
   40     -1.0081323701E-04   4.4141466767E-04   1.8627296575E-03  -1.4065717850E-03   2.0884137989E-02
   41     -5.7653035630E-04   4.8064590084E-03  -5.5201151711E-04   3.8413743734E-03   2.5243311427E-02
                   10                 11                 12                 13                 14        
    0     -1.3979792675E-03  -1.6762675324E-04   4.9327416639E-02  -1.6720747069E-02  -1.6839009959E-02
    1     -4.2976270496E-03   4.8311025522E-03   1.4868642599E-02  -1.9772779892E-03  -1.1337720669E-02
    2      5.3600121939E-03  -3.0851967623E-03   2.0109673187E-02  -1.2473951639E-02  -6.7539235910E-03
    3      1.5569263406E-02   2.1995785906E-02   3.8916805323E-03  -3.0240001792E-03  -1.2827576501E-03
    4      2.6158687377E-03  -1.4707906535E-02   6.1131994497E-03  -2.4462850652E-03   8.9800167821E-03
    5     -1.3877416228E-02  -1.4564002330E-03   9.0774927341E-03   8.1396404891E-03   1.2849976223E-03
    6      7.3818767394E-02   5.8392795750E-02  -4.7850619881E-02   2.8057251617E-02   2.4234139137E-02
    7     -2.3848381506E-01  -2.2387517395E-01  -7.6782639640E-03   1.6706075805E-02   9.0126318626E-03
    8     -2.1962295819E-01  -3.1074112827E-01  -2.1842220251E-02   1.1541269236E-02   1.6838694364E-02
    9     -5.4261530691E-02   1.5714514081E-03  -6.3680712798E-01   1.8660088603E-03  -2.8621943005E-02
   10      5.7044252734E-01   5.1350275159E-01   3.6463398669E-03  -1.8620525940E-01  -1.4296403050E-01
   11      5.1350275159E-01   7.4605996467E-01  -2.8361396495E-02  -1.4322788452E-01  -2.3780236092E-01
   12      3.6463398669E-03  -2.8361396495E-02   1.2498260508E+00   1.5350841411E-02   8.2775913638E-02
   13     -1.8620525940E-01  -1.4322788452E-01   1.5350841411E-02   5.5459007689E-01   4.9575206256E-01
   14     -1.4296403050E-01  -2.3780236092E-01   8.2775913638E-02   4.9575206256E-01   7.3588918402E-01
   15     -3.6583460842E-02  -4.3246882131E-02  -3.8138521005E-01  -5.0333082650E-02  -7.7282880661E-02
   16      1.6238625543E-02   9.9639182941E-03  -4.4491555247E-02  -2.5131117440E-01  -2.3076228398E-01
   17      7.4442373830E-03   1.7629184114E-02  -7.1329269430E-02  -2.3192615328E-01  -3.4145018941E-01
   18     -2.2276460497E-04  -2.5133721218E-05   4.5978967435E-04  -6.8302102738E-04  -8.5649255065E-04
   19     -3.8713671308E-04  -1.0376812593E-04   1.2050712870E-03   2.8929039443E-03  -3.6877267677E-03
   20     -3.7588198457E-04  -1.0193075305E-04   8.8790747393E-04  -3.9439110081E-03   2.0617477898E-03
   21     -1.2024346766E-02  -5.4876524928E-03   4.4311760464E-02   1.4562129703E-02   2.2961254364E-02
   22     -7.6345084933E-03   3.1569228938E-02  -3.6991806950E-03   2.7778483286E-03  -2.3254661382E-03
   23      2.5746108262E-02   1.7834169231E-03   1.5952102756E-02   3.9362653730E-03   1.0481490888E-02
   24      8.6058968910E-03   2.2960467336E-03  -2.4886635075E-02   7.8832152999E-03   1.3681439958E-03
   25      1.0330269031E-02  -1.1525725867E-02   7.4738005014E-03  -4.4218591975E-03  -2.2532058830E-03
   26     -1.1437079576E-02   9.8605572023E-03  -2.0911338069E-03  -7.5972354681E-03  -7.2919931428E-03
   27     -4.9409758127E-04  -2.8015924269E-04   4.5505890714E-03  -2.3993792163E-03  -2.2352095997E-03
   28      3.2152568526E-03  -2.6578879587E-03  -3.6389891872E-02   1.6203773528E-02   8.9010985268E-03
   29     -2.6839730271E-03   2.2452536287E-03  -4.3821345624E-02   1.0829981979E-02   1.7703384795E-02
   30      3.5588292550E-02   4.2396084747E-02  -2.6708288497E-01   4.0898940877E-02   3.6472027433E-02
   31      1.8109576561E-02   1.2679516942E-02   4.5415376869E-02  -1.6517658540E-01  -1.3885754992E-01
   32      1.4650792908E-02   2.4918451780E-02   4.1168917443E-02  -1.3932364806E-01  -2.0971145938E-01
   33     -1.5053235081E-02  -3.0697680025E-02   3.9382350961E-03  -3.3138486411E-02  -3.9009880133E-02
   34     -1.9288737484E-01  -1.8010613363E-01  -1.2349807563E-03   1.7523132198E-02   8.8287707938E-03
   35     -1.7964553424E-01  -2.5834681739E-01  -1.7849047020E-03   7.1330610506E-03   1.7955807312E-02
   36     -2.5266751945E-04  -1.0163260658E-04   6.2390155987E-04  -8.9792116661E-04  -7.4616849439E-04
   37      1.4483464759E-02   1.2661963725E-02  -5.2264704304E-04   2.6465756713E-03  -8.4232282810E-04
   38      1.4088910530E-02   1.7856762948E-02  -6.4596478402E-04  -5.8269905439E-04   1.9098458128E-03
   39     -1.6938477754E-02  -1.8284001078E-02   1.0830541443E-03  -1.4217500482E-03  -9.3713651487E-04
   40     -5.5398672841E-03  -9.0040014543E-03  -5.6752406493E-05  -1.8019449287E-03   1.5557261570E-03
   41     -1.0185939128E-02  -8.8197569421E-03  -9.5772138304E-05   1.7432023359E-03  -1.1152261548E-03
                   15                 16                 17                 18                 19        
    0     -4.2767669153E-01   8.7836701493E-02   8.4776799080E-02  -2.5151374406E-01  -2.4636570551E-02
    1      9.1081581189E-02  -2.5479043036E-01  -2.3651212463E-01  -3.1327796800E-02  -1.4611461239E-01
    2      8.8080278819E-02  -2.3649105754E-01  -3.3675185530E-01  -5.2853345402E-02  -1.4553859675E-01
    3      9.8031468775E-03   3.3813109268E-03   4.7911173803E-03   2.9106207809E-03   4.4176102851E-03
    4      3.1830532841E-02   1.4851116768E-02   6.9791723128E-03  -3.2820772903E-02   1.1666317949E-02
    5      3.9886344444E-02   4.8334300853E-03   2.0395229299E-02  -3.8869557134E-02   1.9195860113E-02
    6     -3.2496569812E-02   9.1198366174E-03   5.1696011173E-03  -1.9215444435E-02  -1.7645679623E-02
    7     -7.9117875271E-03  -5.1051625412E-03   2.7570326568E-03  -3.5271610172E-03  -1.5053039172E-03
    8     -1.8699696506E-02   6.0813401523E-03  -4.7195616980E-03  -9.9219437650E-03  -1.1835816309E-02
    9      1.4317001228E-02  -5.2793672162E-04   1.0251776638E-03   5.2962677804E-03   5.6540254736E-03
   10     -3.6583460842E-02   1.6238625543E-02   7.4442373830E-03  -2.2276460497E-04  -3.8713671308E-04
   11     -4.3246882131E-02   9.9639182941E-03   1.7629184114E-02  -2.5133721218E-05  -1.0376812593E-04
   12     -3.8138521005E-01  -4.4491555247E-02  -7.1329269430E-02   4.5978967435E-04   1.2050712870E-03
   13     -5.0333082650E-02  -2.5131117440E-01  -2.3192615328E-01  -6.8302102738E-04   2.8929039443E-03
   14     -7.7282880661E-02  -2.3076228398E-01  -3.4145018941E-01  -8.5649255065E-04  -3.6877267677E-03
   15      1.0819397632E+00  -4.4138175721E-02   7.0027046153E-04   4.9503453393E-02  -1.5031701718E-02
   16     -4.4138175721E-02   5.9543141584E-01   5.6169508146E-01   1.9486429828E-02  -1.5777102312E-03
   17      7.0027046153E-04   5.6169508146E-01   8.0284838477E-01   2.6571296328E-02  -1.1803871909E-02
   18      4.9503453393E-02   1.9486429828E-02   2.6571296328E-02   2.0807782351E-01   4.6593275996E-02
   19     -1.5031701718E-02  -1.5777102312E-03  -1.1803871909E-02   4.6593275996E-02   1.3617943610E-01
   20     -1.6431937320E-02  -1.0118564385E-02  -5.6135166073E-03   6.8636187308E-02   1.4216340012E-01
   21      1.5109906939E-02  -1.8720248378E-02  -1.8597006963E-02   1.4434475494E-02   1.0259507658E-02
   22     -4.8096574477E-03  -3.6057510309E-04  -1.2504697641E-03  -2.1771571635E-03  -2.3898743515E-03
   23      4.2685230991E-03  -7.4531123544E-03  -7.7096852974E-03   4.9058104144E-03   3.1983070308E-03
   24     -4.0571439131E-02  -7.4828668007E-03  -1.5587336801E-02  -1.6666210355E-02  -1.9544034740E-02
   25      1.6308161516E-02   4.5606591092E-03   8.0273731876E-03   6.1051407068E-03   7.6407365406E-03
   26      1.3171130193E-02   8.6722850340E-03   1.2143704773E-02   3.0222509064E-03   5.4795280312E-03
   27     -3.5152766233E-01   6.1472823122E-03  -9.3429659326E-03   1.6963492921E-03   2.0397368055E-03
   28      4.4275904514E-03  -1.1760849467E-01  -9.0933191936E-02  -2.3728542627E-04  -4.7881960690E-03
   29     -1.2277769753E-02  -9.0910259160E-02  -1.5172551831E-01   3.0057608156E-04   4.1707093206E-03
   30      5.3751475808E-02  -1.4172805852E-02  -1.3543708424E-02   1.8822752794E-03   2.4819806381E-03
   31      1.8664972522E-02  -2.0080010575E-03  -9.7522142512E-03   4.6580306211E-05   4.5929471072E-05
   32      2.6083136919E-02  -1.1418284429E-02  -4.7570539565E-03   4.9768623469E-04   6.4606152144E-04
   33      2.8855346629E-03   1.0492796691E-03   1.4046978657E-03   1.0403706262E-03   1.3351727025E-03
   34     -1.1343034557E-03   2.6554473002E-03  -3.2031100041E-03  -4.6762284084E-04  -5.9512427857E-04
   35     -1.2684034396E-03  -2.8762080740E-03   1.6125515163E-03  -4.3720445786E-04  -5.3988744114E-04
   36      2.5165040407E-03   1.0301265070E-03   1.6090067737E-03   8.1722700299E-04   1.1338043176E-03
   37     -2.3759001466E-03  -9.5969616175E-04  -1.5044997892E-03  -7.7649141229E-04  -1.0722399296E-03
   38     -2.3535114399E-03  -9.6731693326E-04  -1.5092299236E-03  -7.6279943979E-04  -1.0598263591E-03
   39      3.8307867513E-03   1.4826213653E-03   2.3523208802E-03   1.2767460133E-03   1.7378014688E-03
   40      5.2309900367E-06  -1.6020025175E-05  -1.7261431751E-05   8.6463578708E-06   4.8738816847E-06
   41     -6.2860268585E-04  -2.4896816773E-04  -3.9244395498E-04  -2.0733080169E-04  -2.8437246154E-04
                   20                 21                 22                 23                 24        
    0     -4.5623077761E-02   1.1679566209E-02  -5.1787853544E-03   2.6492421184E-03  -4.5845918977E-02
    1     -1.4540629211E-01   3.4694351413E-02   2.3083089471E-03   1.1690180512E-02   8.5274151853E-03
    2     -2.0723791044E-01   4.0921853483E-02  -1.9803183365E-03   1.7592892995E-02   8.0877257500E-03
    3      4.4734402363E-03   2.7327394349E-02  -4.1866974434E-02  -3.5359057152E-02  -6.3793539221E-02
    4      1.5790993373E-02  -1.0518641178E-01   3.5223948670E-02  -4.5344320402E-02   1.9059900464E-02
    5      1.6589222414E-02  -1.3149991355E-01  -2.8228540650E-03  -2.3353605679E-02   1.3567422060E-02
    6     -1.7063188167E-02  -8.6182799703E-02   1.1209992379E-02   1.6948441350E-01   1.2493147012E-01
    7     -5.6658307040E-03   3.3586119213E-02  -3.5509208198E-01   5.5346049987E-02   5.8210919705E-02
    8     -7.7873864141E-03   1.3662995751E-01   4.6387761520E-02  -2.9202897178E-01   9.5073969054E-02
    9      5.4199743125E-03  -5.3203478579E-02   2.4780320779E-02   1.6252094017E-02  -6.0700009700E-02
   10     -3.7588198457E-04  -1.2024346766E-02  -7.6345084933E-03   2.5746108262E-02   8.6058968910E-03
   11     -1.0193075305E-04  -5.4876524928E-03   3.1569228938E-02   1.7834169231E-03   2.2960467336E-03
   12      8.8790747393E-04   4.4311760464E-02  -3.6991806950E-03   1.5952102756E-02  -2.4886635075E-02
   13     -3.9439110081E-03   1.4562129703E-02   2.7778483286E-03   3.9362653730E-03   7.8832152999E-03
   14      2.0617477898E-03   2.2961254364E-02  -2.3254661382E-03   1.0481490888E-02   1.3681439958E-03
   15     -1.6431937320E-02   1.5109906939E-02  -4.8096574477E-03   4.2685230991E-03  -4.0571439131E-02
   16     -1.0118564385E-02  -1.8720248378E-02  -3.6057510309E-04  -7.4531123544E-03  -7.4828668007E-03
   17     -5.6135166073E-03  -1.8597006963E-02  -1.2504697641E-03  -7.7096852974E-03  -1.5587336801E-02
   18      6.8636187308E-02   1.4434475494E-02  -2.1771571635E-03   4.9058104144E-03  -1.6666210355E-02
   19      1.4216340012E-01   1.0259507658E-02  -2.3898743515E-03   3.1983070308E-03  -1.9544034740E-02
   20      1.9812058677E-01   9.6702654589E-03  -2.2930419508E-03   3.0007682353E-03  -1.8790978214E-02
   21      9.6702654589E-03   1.2708407326E+00  -1.5200206259E-01  -3.4744762233E-01  -1.3307570953E+00
   22     -2.2930419508E-03  -1.5200206259E-01   7.2866895277E-01  -1.8471265921E-01   1.9119108454E-01
   23      3.0007682353E-03  -3.4744762233E-01  -1.8471265921E-01   5.6969492596E-01   1.4130588671E-01
   24     -1.8790978214E-02  -1.3307570953E+00   1.9119108454E-01   1.4130588671E-01   1.5974658947E+00
   25      7.3603312188E-03   2.1004384417E-01  -4.0424971043E-01   1.4057593122E-01  -2.9064490153E-01
   26      5.3246886759E-03   3.0258400745E-01   1.1343775831E-01  -2.7472072945E-01  -2.4406433115E-01
   27      2.3669333731E-03   2.1009470255E-02  -4.3411195122E-03   6.7388922972E-03  -3.4970067545E-02
   28      4.0495384301E-03   3.1581617465E-03  -2.5253422189E-04   1.1500219318E-03  -1.6012054811E-03
   29     -3.1609650316E-03   4.1918745927E-03  -4.3451962863E-04   1.4924173213E-03  -3.0329762885E-03
   30      2.3943363147E-03   2.2151783733E-02  -4.7148563586E-03   7.0581255783E-03  -3.8129807592E-02
   31      4.3906873006E-05  -7.9456180322E-04  -2.4475094984E-05  -3.1948113399E-04  -4.0140777100E-04
   32      6.2298402627E-04   4.9737822634E-03  -1.1859862085E-03   1.5411515358E-03  -9.7251135833E-03
   33      1.2870762791E-03   9.0592552765E-03  -2.4889264587E-03   2.8156138752E-03  -1.9791810828E-02
   34     -5.7355331038E-04  -3.7832016110E-03  -1.2252874705E-03   8.1652245383E-04   8.7207869671E-03
   35     -5.1987571803E-04  -1.8516338074E-03   2.7937778143E-03  -2.0636233823E-03   7.5751724761E-03
   36      1.0952209590E-03   1.4489102156E-02  -2.3815574463E-03   4.8571829437E-03  -1.8521841693E-02
   37     -1.0356274863E-03  -1.3329281601E-02   2.2327976875E-03  -4.4540310179E-03   1.7421904899E-02
   38     -1.0237981774E-03  -1.3657062348E-02   2.2320735203E-03  -4.5826161476E-03   1.7341960342E-02
   39      1.6778397481E-03   1.9729926117E-02  -3.5211202312E-03   6.5187921525E-03  -2.7762989310E-02
   40      4.5329319380E-06  -4.6399937541E-04   1.7190734119E-05  -1.7578265562E-04   5.3292376071E-05
   41     -2.7461477306E-04  -3.3921036298E-03   5.8471520195E-04  -1.1278321174E-03   4.5844089149E-03
                   25                 26                 27                 28                 29        
    0      1.8818367399E-02   1.6451674397E-02   3.0568936239E-03   3.5016015262E-02   4.1890763227E-02
    1     -6.1518481842E-03  -1.3720588623E-02  -3.3850122191E-03   1.7712219924E-02   1.2379588175E-02
    2     -6.4315069288E-03  -1.5412755261E-02  -4.3194325534E-03   1.4431760573E-02   2.4629667403E-02
    3      2.4615327371E-02   2.0406179326E-02   7.6413803427E-03   4.5455432317E-04   3.5697011344E-04
    4     -1.3030640068E-02   3.2888168309E-02   1.6246032612E-03   4.4203869523E-03  -2.7224219838E-03
    5      1.4144991841E-02   2.3346808733E-02   3.1698519960E-03  -2.6073025220E-03   3.5040839819E-03
    6     -7.6847133620E-02  -1.8556544055E-01  -3.3704928034E-02  -3.1125632898E-03  -4.6165300347E-03
    7      1.3613529260E-01  -9.2289074283E-02  -7.0980220733E-03  -4.6201867194E-04  -7.6345723720E-04
    8     -1.1409049857E-01   5.5852643099E-02  -1.8284735875E-02  -1.3823513811E-03  -2.1740513878E-03
    9      3.0682853775E-02   4.0950682609E-02   1.0345254004E-02   8.0891668103E-04   9.6755249165E-04
   10      1.0330269031E-02  -1.1437079576E-02  -4.9409758127E-04   3.2152568526E-03  -2.6839730271E-03
   11     -1.1525725867E-02   9.8605572023E-03  -2.8015924269E-04  -2.6578879587E-03   2.2452536287E-03
   12      7.4738005014E-03  -2.0911338069E-03   4.5505890714E-03  -3.6389891872E-02  -4.3821345624E-02
   13     -4.4218591975E-03  -7.5972354681E-03  -2.3993792163E-03   1.6203773528E-02   1.0829981979E-02
   14     -2.2532058830E-03  -7.2919931428E-03  -2.2352095997E-03   8.9010985268E-03   1.7703384795E-02
   15      1.6308161516E-02   1.3171130193E-02  -3.5152766233E-01   4.4275904514E-03  -1.2277769753E-02
   16      4.5606591092E-03   8.6722850340E-03   6.1472823122E-03  -1.1760849467E-01  -9.0910259160E-02
   17      8.0273731876E-03   1.2143704773E-02  -9.3429659326E-03  -9.0933191936E-02  -1.5172551831E-01
   18      6.1051407068E-03   3.0222509064E-03   1.6963492921E-03  -2.3728542627E-04   3.0057608156E-04
   19      7.6407365406E-03   5.4795280312E-03   2.0397368055E-03  -4.7881960690E-03   4.1707093206E-03
   20      7.3603312188E-03   5.3246886759E-03   2.3669333731E-03   4.0495384301E-03  -3.1609650316E-03
   21      2.1004384417E-01   3.0258400745E-01   2.1009470255E-02   3.1581617465E-03   4.1918745927E-03
   22     -4.0424971043E-01   1.1343775831E-01  -4.3411195122E-03  -2.5253422189E-04  -4.3451962863E-04
   23      1.4057593122E-01  -2.7472072945E-01   6.7388922972E-03   1.1500219318E-03   1.4924173213E-03
   24     -2.9064490153E-01  -2.4406433115E-01  -3.4970067545E-02  -1.6012054811E-03  -3.0329762885E-03
   25      2.7847434356E-01  -2.9338804677E-02   1.3480051350E-02   4.5865630689E-04   9.9803784818E-04
   26     -2.9338804677E-02   1.9528198248E-01   9.0346298998E-03  -2.2382830091E-04   9.5703036215E-05
   27      1.3480051350E-02   9.0346298998E-03   3.6026517838E-01  -2.5752427340E-03   1.5136102515E-02
   28      4.5865630689E-04  -2.2382830091E-04  -2.5752427340E-03   8.5356402337E-02   6.5795430421E-02
   29      9.9803784818E-04   9.5703036215E-05   1.5136102515E-02   6.5795430421E-02   1.1045152459E-01
   30      1.4752633609E-02   1.0070412217E-02   4.3216767755E-03  -1.0905109371E-04   4.5907500705E-04
   31      2.2951245377E-04   4.0435278801E-04  -1.0911400857E-04  -4.1935265934E-03   3.5155591828E-03
   32      3.8115148378E-03   2.7647417071E-03   1.2943039192E-03   3.5498226224E-03  -2.8602540230E-03
   33      7.8331971263E-03   5.9333188629E-03   2.3432123203E-03   6.9359236098E-05   1.6229970947E-04
   34     -3.4770410132E-03  -2.7170179896E-03  -1.0462553896E-03  -3.2505193641E-05  -7.4124916376E-05
   35     -3.1062551938E-03  -2.7057659503E-03  -9.5520328816E-04  -3.4780944225E-05  -7.3181970010E-05
   36      6.8969864567E-03   3.8094149107E-03   1.9589159390E-03   3.1898815684E-05   1.0753559641E-04
   37     -6.5090174658E-03  -3.6700904924E-03  -1.8542463165E-03  -3.1650083923E-05  -1.0336042768E-04
   38     -6.4510670165E-03  -3.5403468815E-03  -1.8305857863E-03  -2.9366866139E-05  -1.0001367857E-04
   39      1.0481671176E-02   6.2872047544E-03   3.0137379053E-03   5.8743381202E-05   1.7587236724E-04
   40      1.0646753858E-05   1.1162694032E-04   1.0815321887E-05   2.2296052906E-06   2.8094543233E-06
   41     -1.7211160272E-03  -9.9923901699E-04  -4.9242172169E-04  -8.9625953469E-06  -2.8050353104E-05
                   30                 31                 32                 33                 34        
    0      6.3402490690E-03   2.3564924162E-04   1.5108987374E-03   3.3460921952E-03  -1.4829456054E-03
    1     -2.5156796782E-03   3.4242072047E-03  -3.4900015874E-03  -1.2566806800E-03   5.3336428128E-04
    2     -3.0385542949E-03  -2.7834996941E-03   1.6738508940E-03  -1.3346614687E-03   5.6383237704E-04
    3      8.3601031573E-03   1.4141674181E-04   2.1673999785E-03   4.4719789503E-03  -1.8483725645E-03
    4      1.4354191089E-03  -1.7180676825E-04   2.4314758313E-04   4.1544639464E-04   2.4602811211E-03
    5      3.4515946139E-03  -1.9148158851E-04   7.3047361863E-04   1.1579678068E-03  -2.5907464203E-03
    6     -3.6200981053E-02   5.4465614517E-04  -8.9133989407E-03   2.3821379487E-02  -6.8317562960E-03
    7     -7.5010657560E-03   3.9752152081E-03  -5.2766532451E-03   1.0646510434E-02   1.4376497878E-04
    8     -1.9910173322E-02  -3.3147137162E-03  -2.0422545162E-03   9.3474876740E-03  -5.4366088070E-03
    9      8.1333834846E-03  -9.3963469045E-04   1.0467433376E-03  -3.4445356799E-01  -1.9944742041E-02
   10      3.5588292550E-02   1.8109576561E-02   1.4650792908E-02  -1.5053235081E-02  -1.9288737484E-01
   11      4.2396084747E-02   1.2679516942E-02   2.4918451780E-02  -3.0697680025E-02  -1.8010613363E-01
   12     -2.6708288497E-01   4.5415376869E-02   4.1168917443E-02   3.9382350961E-03  -1.2349807563E-03
   13      4.0898940877E-02  -1.6517658540E-01  -1.3932364806E-01  -3.3138486411E-02   1.7523132198E-02
   14      3.6472027433E-02  -1.3885754992E-01  -2.0971145938E-01  -3.9009880133E-02   8.8287707938E-03
   15      5.3751475808E-02   1.8664972522E-02   2.6083136919E-02   2.8855346629E-03  -1.1343034557E-03
   16     -1.4172805852E-02  -2.0080010575E-03  -1.1418284429E-02   1.0492796691E-03   2.6554473002E-03
   17     -1.3543708424E-02  -9.7522142512E-03  -4.7570539565E-03   1.4046978657E-03  -3.2031100041E-03
   18      1.8822752794E-03   4.6580306211E-05   4.9768623469E-04   1.0403706262E-03  -4.6762284084E-04
   19      2.4819806381E-03   4.5929471072E-05   6.4606152144E-04   1.3351727025E-03  -5.9512427857E-04
   20      2.3943363147E-03   4.3906873006E-05   6.2298402627E-04   1.2870762791E-03  -5.7355331038E-04
   21      2.2151783733E-02  -7.9456180322E-04   4.9737822634E-03   9.0592552765E-03  -3.7832016110E-03
   22     -4.7148563586E-03  -2.4475094984E-05  -1.1859862085E-03  -2.4889264587E-03  -1.2252874705E-03
   23      7.0581255783E-03  -3.1948113399E-04   1.5411515358E-03   2.8156138752E-03   8.1652245383E-04
   24     -3.8129807592E-02  -4.0140777100E-04  -9.7251135833E-03  -1.9791810828E-02   8.7207869671E-03
   25      1.4752633609E-02   2.2951245377E-04   3.8115148378E-03   7.8331971263E-03  -3.4770410132E-03
   26      1.0070412217E-02   4.0435278801E-04   2.7647417071E-03   5.9333188629E-03  -2.7170179896E-03
   27      4.3216767755E-03  -1.0911400857E-04   1.2943039192E-03   2.3432123203E-03  -1.0462553896E-03
   28     -1.0905109371E-04  -4.1935265934E-03   3.5498226224E-03   6.9359236098E-05  -3.2505193641E-05
   29      4.5907500705E-04   3.5155591828E-03  -2.8602540230E-03   1.6229970947E-04  -7.4124916376E-05
   30      2.2844477757E-01  -6.2778691641E-02  -6.2369345430E-02   2.5588118759E-03  -1.3361927957E-03
   31     -6.2778691641E-02   1.4982676858E-01   1.3528596672E-01  -1.4695164436E-04  -3.9897229356E-03
   32     -6.2369345430E-02   1.3528596672E-01   1.9088990968E-01   8.2788138128E-04   3.0416774067E-03
   33      2.5588118759E-03  -1.4695164436E-04   8.2788138128E-04   1.6537783272E+00  -1.8256156040E-01
   34     -1.3361927957E-03  -3.9897229356E-03   3.0416774067E-03  -1.8256156040E-01   5.9006387121E-01
   35     -8.8354967801E-04   3.3483885920E-03  -3.0975987857E-03  -1.6404453088E-01   6.4451018966E-01
   36      2.1558103855E-03   4.9742177297E-05   5.6763780207E-04  -8.8321886331E-01   1.3070189118E-02
   37     -2.0401191093E-03  -4.6397823465E-05  -5.3673159598E-04   2.6787551994E-03  -1.0639936237E-01
   38     -2.0147337530E-03  -4.6692084622E-05  -5.3062636306E-04  -2.4887153674E-02  -1.1613643000E-01
   39      3.3133264876E-03   7.1967555460E-05   8.6946993874E-04  -4.5977895556E-01   1.9988095767E-01
   40      1.1195502233E-05  -6.9379691445E-07   2.3215129663E-06   2.1061811992E-01  -3.0477344299E-01
   41     -5.4159101023E-04  -1.2058708752E-05  -1.4231622038E-04   2.3703756273E-01  -3.4692326761E-01
                   35                 36                 37                 38                 39        
    0     -1.3169992182E-03   2.9858367204E-03  -2.8157759294E-03  -2.7934281691E-03   4.5237571236E-03
    1      3.9472551691E-04  -1.5218494534E-03   1.4142339142E-03   1.4301414857E-03  -2.1666571247E-03
    2      4.0808315200E-04  -1.6609286614E-03   1.5417584486E-03   1.5613621473E-03  -2.3532417595E-03
    3     -1.9034865761E-03   3.8672249374E-03  -3.6531227220E-03  -3.6161483693E-03   5.9000266666E-03
    4     -1.9800946394E-03   1.3754012033E-03  -1.2392753239E-03  -1.3043256590E-03   1.7000310552E-03
    5      1.6413239702E-03   2.5031578831E-03  -2.2881455969E-03  -2.3638610579E-03   3.3113391619E-03
    6     -9.4274556791E-03  -2.0255849008E-02   1.8757893935E-02   1.9094423324E-02  -2.8935930083E-02
    7     -6.7292200142E-03  -4.0172346133E-03   1.9406494903E-03   5.2006827155E-03  -5.7740599989E-03
    8     -1.1072078847E-03  -1.0478256731E-02   1.1318599841E-02   8.6222220935E-03  -1.5316971769E-02
    9     -3.5834483544E-02   5.8130769909E-03  -4.2906886531E-02  -5.0481554328E-02   5.7488829070E-02
   10     -1.7964553424E-01  -2.5266751945E-04   1.4483464759E-02   1.4088910530E-02  -1.6938477754E-02
   11     -2.5834681739E-01  -1.0163260658E-04   1.2661963725E-02   1.7856762948E-02  -1.8284001078E-02
   12     -1.7849047020E-03   6.2390155987E-04  -5.2264704304E-04  -6.4596478402E-04   1.0830541443E-03
   13      7.1330610506E-03  -8.9792116661E-04   2.6465756713E-03  -5.8269905439E-04  -1.4217500482E-03
   14      1.7955807312E-02  -7.4616849439E-04  -8.4232282810E-04   1.9098458128E-03  -9.3713651487E-04
   15     -1.2684034396E-03   2.5165040407E-03  -2.3759001466E-03  -2.3535114399E-03   3.8307867513E-03
   16     -2.8762080740E-03   1.0301265070E-03  -9.5969616175E-04  -9.6731693326E-04   1.4826213653E-03
   17      1.6125515163E-03   1.6090067737E-03  -1.5044997892E-03  -1.5092299236E-03   2.3523208802E-03
   18     -4.3720445786E-04   8.1722700299E-04  -7.7649141229E-04  -7.6279943979E-04   1.2767460133E-03
   19     -5.3988744114E-04   1.1338043176E-03  -1.0722399296E-03  -1.0598263591E-03   1.7378014688E-03
   20     -5.1987571803E-04   1.0952209590E-03  -1.0356274863E-03  -1.0237981774E-03   1.6778397481E-03
   21     -1.8516338074E-03   1.4489102156E-02  -1.3329281601E-02  -1.3657062348E-02   1.9729926117E-02
   22      2.7937778143E-03  -2.3815574463E-03   2.2327976875E-03   2.2320735203E-03  -3.5211202312E-03
   23     -2.0636233823E-03   4.8571829437E-03  -4.4540310179E-03  -4.5826161476E-03   6.5187921525E-03
   24      7.5751724761E-03  -1.8521841693E-02   1.7421904899E-02   1.7341960342E-02  -2.7762989310E-02
   25     -3.1062551938E-03   6.8969864567E-03  -6.5090174658E-03  -6.4510670165E-03   1.0481671176E-02
   26     -2.7057659503E-03   3.8094149107E-03  -3.6700904924E-03  -3.5403468815E-03   6.2872047544E-03
   27     -9.5520328816E-04   1.9589159390E-03  -1.8542463165E-03  -1.8305857863E-03   3.0137379053E-03
   28     -3.4780944225E-05   3.1898815684E-05  -3.1650083923E-05  -2.9366866139E-05   5.8743381202E-05
   29     -7.3181970010E-05   1.0753559641E-04  -1.0336042768E-04  -1.0001367857E-04   1.7587236724E-04
   30     -8.8354967801E-04   2.1558103855E-03  -2.0401191093E-03  -2.0147337530E-03   3.3133264876E-03
   31      3.3483885920E-03   4.9742177297E-05  -4.6397823465E-05  -4.6692084622E-05   7.1967555460E-05
   32     -3.0975987857E-03   5.6763780207E-04  -5.3673159598E-04  -5.3062636306E-04   8.6946993874E-04
   33     -1.6404453088E-01  -8.8321886331E-01   2.6787551994E-03  -2.4887153674E-02  -4.5977895556E-01
   34      6.4451018966E-01   1.3070189118E-02  -1.0639936237E-01  -1.1613643000E-01   1.9988095767E-01
   35      8.1290274340E-01  -1.2621511149E-02  -1.1648594965E-01  -1.4929343842E-01   2.2475419395E-01
   36     -1.2621511149E-02   8.8536273611E-01  -1.4495968270E-02   1.1336713583E-02   1.4062181728E-03
   37     -1.1648594965E-01  -1.4495968270E-02   7.3348807579E-02   7.9448478536E-02   4.5911885048E-02
   38     -1.4929343842E-01   1.1336713583E-02   7.9448478536E-02   1.0197044891E-01   5.5269844840E-02
   39      2.2475419395E-01   1.4062181728E-03   4.5911885048E-02   5.5269844840E-02   4.1491146650E-01
   40     -3.4678221244E-01  -2.0950125384E-05   2.0191110049E-02   2.4177437179E-02  -2.3150361357E-01
   41     -4.1731299984E-01  -2.7737280870E-04   2.5949958336E-02   3.1023288741E-02  -2.6432552667E-01
                   40                 41        
     0      1.6445074495E-06  -7.4374095038E-04
     1      2.8697191106E-05   3.6549871997E-04
     2      3.3745927430E-05   3.9778565566E-04
     3      1.0817846373E-05  -9.6727966608E-04
     4     -8.0762495751E-05  -3.0512127184E-04
     5     -1.0081323701E-04  -5.7653035630E-04
     6      4.4141466767E-04   4.8064590084E-03
     7      1.8627296575E-03  -5.5201151711E-04
     8     -1.4065717850E-03   3.8413743734E-03
     9      2.0884137989E-02   2.5243311427E-02
    10     -5.5398672841E-03  -1.0185939128E-02
    11     -9.0040014543E-03  -8.8197569421E-03
    12     -5.6752406493E-05  -9.5772138304E-05
    13     -1.8019449287E-03   1.7432023359E-03
    14      1.5557261570E-03  -1.1152261548E-03
    15      5.2309900367E-06  -6.2860268585E-04
    16     -1.6020025175E-05  -2.4896816773E-04
    17     -1.7261431751E-05  -3.9244395498E-04
    18      8.6463578708E-06  -2.0733080169E-04
    19      4.8738816847E-06  -2.8437246154E-04
    20      4.5329319380E-06  -2.7461477306E-04
    21     -4.6399937541E-04  -3.3921036298E-03
    22      1.7190734119E-05   5.8471520195E-04
    23     -1.7578265562E-04  -1.1278321174E-03
    24      5.3292376071E-05   4.5844089149E-03
    25      1.0646753858E-05  -1.7211160272E-03
    26      1.1162694032E-04  -9.9923901699E-04
    27      1.0815321887E-05  -4.9242172169E-04
    28      2.2296052906E-06  -8.9625953469E-06
    29      2.8094543233E-06  -2.8050353104E-05
    30      1.1195502233E-05  -5.4159101023E-04
    31     -6.9379691445E-07  -1.2058708752E-05
    32      2.3215129663E-06  -1.4231622038E-04
    33      2.1061811992E-01   2.3703756273E-01
    34     -3.0477344299E-01  -3.4692326761E-01
    35     -3.4678221244E-01  -4.1731299984E-01
    36     -2.0950125384E-05  -2.7737280870E-04
    37      2.0191110049E-02   2.5949958336E-02
    38      2.4177437179E-02   3.1023288741E-02
    39     -2.3150361357E-01  -2.6432552667E-01
    40      2.9009525365E-01   3.3159844290E-01
    41      3.3159844290E-01   3.9552656097E-01

#
# The atoms: label  mass x y z (in bohrs)
#
$atoms
14
 C     12.01100     -3.550634635104     0.247144437664    -2.017388102288
 C     12.01100     -0.849525051098     0.142177271959    -1.962830897332
 C     12.01100      0.109959208188     1.685890767424    -0.056272797549
 C     12.01100     -1.245931598704     3.221785396202     1.690290973476
 C     12.01100     -3.847570014147     3.202282866022     1.518966153111
 C     12.01100     -4.995641379505     1.689194534169    -0.358053991120
 H      1.00800     -4.548564056210    -0.870943480070    -3.441100154682
 N     14.00700      2.774914662985     1.594131790607     0.034435753696
 N     14.00700      4.844420159995     1.280292248372    -0.174871783441
 H      1.00800     -7.055625517387     1.678673432710    -0.485122828916
 H      1.00800     -4.951519036248     4.348091671200     2.818715523330
 N     14.00700     -0.007694444840     4.787069253460     3.608575786621
 O     15.99900      2.326158850283     4.751182130654     3.641378050452
 O     15.99900     -1.322510385826     6.028307392326     5.052165179172

$actual_temperature
  0.000000

$frequency_scale_factor
  1.000000


$end

