
$orca_hessian_file

$act_atom
  13

$act_coord
  2

$act_energy
        0.000000

$hessian
42
                    0                  1                  2                  3                  4        
    0      1.1006471247E+00  -2.9877405331E-01   2.5221125588E-01  -5.4843271977E-01   1.3059031951E-01
    1     -2.9877405331E-01   7.9809399260E-01   4.1152217162E-01   1.2997698882E-01  -2.6460959943E-01
    2      2.5221125588E-01   4.1152217162E-01   6.1750080332E-01  -1.4168907753E-01  -1.0559806068E-01
    3     -5.4843271977E-01   1.2997698882E-01  -1.4168907753E-01   1.1087184842E+00  -2.1282326225E-01
    4      1.3059031951E-01  -2.6460959943E-01  -1.0559806068E-01  -2.1282326225E-01   7.5170355064E-01
    5     -1.4279502084E-01  -1.0557440777E-01  -2.2536073670E-01   3.3163920625E-01   4.2298479942E-01
    6     -4.7257768683E-02  -2.0042797006E-02  -5.1134786536E-02  -3.3899361524E-01   1.2320683793E-03
    7      3.1658109017E-02   2.1597168130E-02   3.2128121984E-02   3.5415644800E-02  -3.1066242930E-01
    8     -3.2709017746E-03   1.3097351651E-03   7.3794956324E-03  -1.2111590353E-01  -2.2039986549E-01
    9      5.9840698596E-03  -1.3695324322E-03   8.3239641045E-03   6.0312612108E-02  -2.4973604948E-02
   10     -1.0770034496E-02   1.9308164813E-03   3.9254401782E-03   1.9317267159E-02  -1.9814465885E-03
   11     -1.2152502032E-03   8.9548258316E-03  -2.8448850136E-03   3.7775622906E-02  -2.6663792232E-02
   12      4.2177811762E-02   1.1216803855E-02   2.7430387667E-02   8.9360411158E-03  -3.2274944360E-03
   13     -2.3999895962E-02  -2.7689442856E-03  -2.3333396405E-02  -9.5711761725E-05  -2.5691679309E-03
   14     -3.3969363112E-03  -4.8823437046E-03   4.3742213465E-03   8.9932583742E-03   3.7586408590E-03
   15     -3.4631223198E-01   1.4802289805E-01  -2.4664648795E-02   1.4384355542E-02   3.7995118403E-02
   16      1.4108330193E-01  -3.8114758678E-01  -2.0133536375E-01  -8.8969045527E-04   8.9256970538E-03
   17     -3.1308129243E-02  -1.9716892177E-01  -2.4436527137E-01   4.3500740676E-03   2.2709932545E-02
   18     -2.3245297843E-01   1.1508413107E-02  -8.7041959153E-02   1.5083556942E-02  -3.9044650769E-02
   19      7.2213906516E-03  -2.0153541365E-01  -1.2906716388E-01  -9.2939236645E-04   3.4205554767E-02
   20     -9.0867736045E-02  -1.2618736172E-01  -2.0124865591E-01   4.7398394260E-03  -8.0298181161E-04
   21      4.7248396133E-02  -2.1622131751E-02   8.6151995272E-03  -2.6731675267E-02   1.9274215056E-02
   22     -2.2695446963E-02   1.4789143926E-02  -4.5179686267E-03  -1.2191296709E-02   1.4796244793E-02
   23      5.7884083155E-03  -2.9989906350E-03   5.2066206081E-03  -2.8096497554E-02   1.9050009068E-02
   24     -2.5504924997E-02  -2.9560646017E-03  -2.0123855215E-02  -5.3511066867E-02   1.6245902251E-03
   25      3.8019180642E-03  -1.0181268903E-02  -7.3794863415E-03  -4.0124137420E-02   7.9737448976E-03
   26     -1.2332691959E-02  -1.0331276022E-02  -1.8429261042E-02  -6.6186613755E-02   7.6710583556E-03
   27      4.3255371583E-03   3.7235240101E-03   2.2117227376E-03   1.3017752391E-02  -1.4222983967E-04
   28      4.0118602796E-02   9.5170915124E-03   2.3364117198E-02  -1.0969913057E-03   2.3551433038E-03
   29      3.2896301561E-02   3.9054080132E-03   2.8355557543E-02   2.6718691419E-03  -2.7919305789E-03
   30     -2.8978338182E-04   4.6767523555E-04  -2.2517754950E-03  -3.7426415821E-03   3.7372249028E-04
   31      2.5435327577E-04   1.5014074779E-03  -2.4983575155E-03  -1.6990147860E-03   6.8542050443E-05
   32     -2.3716042129E-03  -2.1595859030E-03   1.0549639735E-03  -3.2563545790E-03   1.9918591036E-04
   33      6.4521454666E-04   1.3363519433E-04   5.6659541247E-04   1.6202201026E-03  -8.6620899651E-05
   34     -1.0319945297E-03  -6.7197734935E-04  -1.3540117559E-03  -4.6665627248E-03   4.9298413319E-04
   35     -2.8105168883E-03  -2.6515764450E-03  -4.4902507239E-03  -1.6429071948E-02   1.9780233772E-03
   36     -3.2158990612E-03  -3.2186626227E-03  -5.3183251557E-03  -1.9634845636E-02   2.4061369887E-03
   37     -2.4158477690E-05  -9.2545569779E-05  -1.0675688836E-04  -4.5709438520E-04   7.0955857038E-05
   38      1.0117710838E-03   6.5606857043E-04   1.3248001147E-03   4.5627048340E-03  -4.8120372423E-04
   39      2.4381521051E-03   4.2933303466E-02   3.2865302564E-02  -2.3102645797E-01   8.6801692094E-02
   40      2.5675884990E-03   1.3577715834E-02   4.2507148626E-03   9.0263253391E-02  -2.4076977424E-01
   41     -1.5389493539E-03   2.5606254771E-02   3.1542598222E-02  -1.7959056092E-02  -1.2161381503E-01
                    5                  6                  7                  8                  9        
    0     -1.4279502084E-01  -4.7257768683E-02   3.1658109017E-02  -3.2709017746E-03   5.9840698596E-03
    1     -1.0557440777E-01  -2.0042797006E-02   2.1597168130E-02   1.3097351651E-03  -1.3695324322E-03
    2     -2.2536073670E-01  -5.1134786536E-02   3.2128121984E-02   7.3794956324E-03   8.3239641045E-03
    3      3.3163920625E-01  -3.3899361524E-01   3.5415644800E-02  -1.2111590353E-01   6.0312612108E-02
    4      4.2298479942E-01   1.2320683793E-03  -3.1066242930E-01  -2.2039986549E-01  -2.4973604948E-02
    5      6.6269278018E-01  -1.4991520304E-01  -2.0082263045E-01  -3.0491235609E-01   2.8185393121E-03
    6     -1.4991520304E-01   8.6853033697E-01   3.8738794101E-02  -1.7838262219E-02  -2.8642181272E-01
    7     -2.0082263045E-01   3.8738794101E-02   1.1626806841E+00   1.8345375438E-01   1.5425122827E-01
    8     -3.0491235609E-01  -1.7838262219E-02   1.8345375438E-01   1.1150514289E+00   3.5864258202E-02
    9      2.8185393121E-03  -2.8642181272E-01   1.5425122827E-01   3.5864258202E-02   7.4237743421E-01
   10     -4.3279676911E-03   8.8207184927E-03  -3.8054158498E-01  -2.3516442374E-01  -2.1449676831E-01
   11      1.1076945496E-02  -7.8488370962E-02  -1.6283250112E-01  -2.8920908641E-01   1.6676540776E-01
   12      6.8136794692E-03  -3.1533908977E-02   2.1882942873E-02  -3.4945044458E-03  -5.0922459301E-01
   13      5.5789652184E-03   5.3565577714E-02   5.0464245560E-03   2.4909579519E-02   6.2960858916E-02
   14     -6.6761841407E-04   2.5909569806E-02   8.2385072387E-03   2.7927734305E-02  -1.8847791158E-01
   15      3.7349537611E-02  -3.3557286156E-02   2.2923972404E-02   5.0584725392E-03   1.5023643662E-02
   16      2.3134840212E-03  -8.8070899117E-03  -3.3341072240E-03   8.6354627809E-04  -2.3976086794E-03
   17      2.7120193172E-02  -2.1790124070E-02   1.8051701493E-02  -5.8291985485E-03  -1.0481452720E-03
   18     -3.0849673788E-02  -3.6476419740E-02   2.9045624261E-02   4.0308900722E-04   9.4382472195E-03
   19      1.9432192975E-02   1.0921308510E-02  -4.6619525675E-03  -3.4335908149E-03  -2.4754691780E-03
   20      1.2762400741E-02  -2.2335441749E-02   1.2157443337E-02   4.3157953683E-03   5.0178954920E-03
   21      1.6944791016E-03  -3.4292773803E-01  -4.4179503949E-01   3.9690906232E-01   1.7702520204E-02
   22      1.0305210815E-03  -5.0834929297E-01  -7.8971279076E-01   6.3371881499E-01   7.0669586226E-02
   23      7.6861920783E-03   3.5293293513E-01   6.6252379565E-01  -1.0797674973E+00   6.0536482442E-03
   24     -2.8491486348E-02   1.9737982060E-01   1.3964791111E-01  -2.8903469203E-01  -5.1509738046E-02
   25     -1.4441791512E-02   3.9035684811E-01   3.2025860958E-01  -3.8046065208E-01  -3.8071247785E-02
   26     -2.9439402772E-02  -7.9001454881E-02  -5.2022242121E-01   5.2366114200E-01  -2.6149278018E-02
   27      3.9648248209E-03  -3.3125452822E-02   2.4247693149E-02   1.7557030674E-03   9.1601341178E-03
   28     -3.3862562530E-03   7.2123491618E-03  -4.9455133759E-03  -1.4754528225E-04   2.1506248007E-05
   29      4.6748220204E-03  -1.0199515149E-02   7.8371540191E-03   8.0150162099E-04   1.0619658883E-03
   30     -1.7262343775E-03   9.5784778587E-03  -6.2630314438E-03  -1.6798098964E-03  -6.0174532146E-03
   31     -8.8724733582E-04   3.1085162281E-03  -1.2660809886E-03  -2.2556190403E-03  -2.4545037793E-03
   32     -1.6310227944E-03   4.7349340378E-03  -6.8656339529E-03   5.8975948396E-04  -4.6145976888E-03
   33      8.2431864395E-04  -2.5879938707E-03   2.5873456406E-03   6.2429166927E-04   1.5826738071E-03
   34     -2.1247101930E-03   1.1826888309E-02  -8.9664396323E-03  -8.4420937564E-04  -2.6969942934E-03
   35     -7.2318450816E-03   4.5991361000E-02  -3.3074884912E-02  -2.0224399709E-03  -1.1393086587E-02
   36     -8.5997977693E-03   5.5722453977E-02  -3.9790835793E-02  -2.2519740003E-03  -1.3343635189E-02
   37     -1.8489164750E-04   1.5655380139E-03  -1.0192451891E-03   6.1065455302E-06  -7.8738148971E-04
   38      2.0782517450E-03  -1.1549149133E-02   8.7618554397E-03   8.2858874272E-04   3.6203364957E-03
   39     -2.2727169042E-02   2.1670906814E-02  -1.2550358888E-02  -1.9288288992E-03   4.9358970054E-03
   40     -1.1959005987E-01   9.8505728587E-03  -4.4727422730E-03  -1.5556310383E-03   1.8199312382E-03
   41     -1.5884860358E-01   1.2683507760E-02  -9.3342618905E-03   1.1851322807E-03   2.1570036375E-03
                   10                 11                 12                 13                 14        
    0     -1.0770034496E-02  -1.2152502032E-03   4.2177811762E-02  -2.3999895962E-02  -3.3969363112E-03
    1      1.9308164813E-03   8.9548258316E-03   1.1216803855E-02  -2.7689442856E-03  -4.8823437046E-03
    2      3.9254401782E-03  -2.8448850136E-03   2.7430387667E-02  -2.3333396405E-02   4.3742213465E-03
    3      1.9317267159E-02   3.7775622906E-02   8.9360411158E-03  -9.5711761725E-05   8.9932583742E-03
    4     -1.9814465885E-03  -2.6663792232E-02  -3.2274944360E-03  -2.5691679309E-03   3.7586408590E-03
    5     -4.3279676911E-03   1.1076945496E-02   6.8136794692E-03   5.5789652184E-03  -6.6761841407E-04
    6      8.8207184927E-03  -7.8488370962E-02  -3.1533908977E-02   5.3565577714E-02   2.5909569806E-02
    7     -3.8054158498E-01  -1.6283250112E-01   2.1882942873E-02   5.0464245560E-03   8.2385072387E-03
    8     -2.3516442374E-01  -2.8920908641E-01  -3.4945044458E-03   2.4909579519E-02   2.7927734305E-02
    9     -2.1449676831E-01   1.6676540776E-01  -5.0922459301E-01   6.2960858916E-02  -1.8847791158E-01
   10      5.1437443485E-01   2.7516716265E-01   1.0109551519E-01  -1.7782659265E-01  -6.0217712224E-02
   11      2.7516716265E-01   3.9281920084E-01  -1.5582787038E-01  -8.0928169774E-02  -1.9917579251E-01
   12      1.0109551519E-01  -1.5582787038E-01   1.0875470355E+00  -1.7788191886E-01   3.7592390530E-01
   13     -1.7782659265E-01  -8.0928169774E-02  -1.7788191886E-01   6.9090810805E-01   4.1599274465E-01
   14     -6.0217712224E-02  -1.9917579251E-01   3.7592390530E-01   4.1599274465E-01   6.7563422845E-01
   15     -3.7613610492E-02  -3.2847259928E-02  -3.6560713012E-01   3.7447477512E-03  -1.5965286592E-01
   16      2.9795763069E-02   1.3394740952E-02  -6.8669711179E-04  -3.1793110739E-01  -2.2394151048E-01
   17     -5.8767941382E-03   7.9251141316E-03  -1.6329418403E-01  -2.2159910000E-01  -3.3739955313E-01
   18     -3.9467841807E-03   6.5502327080E-04   4.5651062401E-03   4.4191330318E-03   3.1479986720E-03
   19      9.3175232079E-04  -2.5379198933E-04   2.4918879619E-04   1.2172788908E-03  -3.5639146232E-03
   20     -2.3116246508E-03   1.7913257378E-04   4.8363607321E-04  -6.5542112755E-04   5.2218213963E-03
   21      1.3094573077E-01   4.9193035555E-02   2.4241970966E-02  -1.7105999087E-02  -4.3012868721E-03
   22     -7.7564862319E-03  -7.5672955456E-02  -9.7269853515E-03   1.2906647573E-02   2.9120066663E-03
   23     -4.0888497595E-02   9.2701198592E-02   3.8090932053E-03  -1.8641174444E-03   4.0294400847E-03
   24     -2.8076227290E-02  -7.9746467686E-03  -2.3478628961E-02  -8.7937396931E-03  -1.9272949651E-02
   25      6.2787063151E-03   4.7880081193E-02  -3.8407262634E-03  -1.1654408416E-02  -1.1846704591E-02
   26      5.0184349505E-02  -3.7936255913E-02  -1.7504813643E-02  -1.5117913236E-02  -2.1655346649E-02
   27     -2.0398740722E-03  -1.3794093963E-03   2.8251762723E-03   4.4198125485E-03   3.0946548058E-03
   28      3.5144857161E-03  -2.7256707842E-03  -3.8455096197E-02   3.0333725688E-02   2.1824288202E-03
   29     -3.8200206066E-03   3.8146735805E-03  -3.3773483270E-02   2.5030769589E-02   7.3061492442E-03
   30      3.1486447081E-02   2.4967506951E-02  -2.6919412950E-01   9.4762460007E-02  -6.5870932756E-02
   31      7.6725558858E-03   6.5274393176E-03   9.4056424005E-02  -2.2923629384E-01  -1.3049181172E-01
   32      2.3912247721E-02   1.7447894748E-02  -6.6302372278E-02  -1.3044164862E-01  -1.9112254511E-01
   33      7.3426251828E-04  -8.2926863192E-05  -4.4754756864E-03  -2.4792460634E-04  -4.9352019921E-03
   34      1.9139538393E-03  -1.3451390499E-03   3.2677421574E-02   5.9006098748E-03   2.8672415766E-02
   35      4.5633347193E-03   8.2357584959E-04   2.4983597174E-02   1.0866427149E-03   2.2609031520E-02
   36      6.0692615146E-03   8.0451153268E-04   3.1854769434E-02   2.6595558436E-03   2.6797096886E-02
   37     -5.8600908833E-04   1.0457554993E-03  -2.7563697329E-02  -4.4450625966E-03  -2.7016427673E-02
   38     -2.4658239676E-04  -5.4900280129E-04  -6.3019317675E-04  -3.8450037885E-05   1.0497262522E-03
   39     -1.5259038880E-03  -2.3453734784E-03   1.3659549463E-03   1.5930441549E-03   2.0416012268E-03
   40      2.2796510683E-03  -2.5479850387E-03   2.0431924997E-04   1.1878248753E-04   2.0368102345E-04
   41     -4.8989117279E-03   2.9272868377E-03   1.3831223262E-03   1.3795149595E-03   1.8685032099E-03
                   15                 16                 17                 18                 19        
    0     -3.4631223198E-01   1.4108330193E-01  -3.1308129243E-02  -2.3245297843E-01   7.2213906516E-03
    1      1.4802289805E-01  -3.8114758678E-01  -1.9716892177E-01   1.1508413107E-02  -2.0153541365E-01
    2     -2.4664648795E-02  -2.0133536375E-01  -2.4436527137E-01  -8.7041959153E-02  -1.2906716388E-01
    3      1.4384355542E-02  -8.8969045527E-04   4.3500740676E-03   1.5083556942E-02  -9.2939236645E-04
    4      3.7995118403E-02   8.9256970538E-03   2.2709932545E-02  -3.9044650769E-02   3.4205554767E-02
    5      3.7349537611E-02   2.3134840212E-03   2.7120193172E-02  -3.0849673788E-02   1.9432192975E-02
    6     -3.3557286156E-02  -8.8070899117E-03  -2.1790124070E-02  -3.6476419740E-02   1.0921308510E-02
    7      2.2923972404E-02  -3.3341072240E-03   1.8051701493E-02   2.9045624261E-02  -4.6619525675E-03
    8      5.0584725392E-03   8.6354627809E-04  -5.8291985485E-03   4.0308900722E-04  -3.4335908149E-03
    9      1.5023643662E-02  -2.3976086794E-03  -1.0481452720E-03   9.4382472195E-03  -2.4754691780E-03
   10     -3.7613610492E-02   2.9795763069E-02  -5.8767941382E-03  -3.9467841807E-03   9.3175232079E-04
   11     -3.2847259928E-02   1.3394740952E-02   7.9251141316E-03   6.5502327080E-04  -2.5379198933E-04
   12     -3.6560713012E-01  -6.8669711179E-04  -1.6329418403E-01   4.5651062401E-03   2.4918879619E-04
   13      3.7447477512E-03  -3.1793110739E-01  -2.2159910000E-01   4.4191330318E-03   1.2172788908E-03
   14     -1.5965286592E-01  -2.2394151048E-01  -3.3739955313E-01   3.1479986720E-03  -3.5639146232E-03
   15      9.5917046912E-01  -2.1002126847E-01   2.6200387441E-01   4.7720381126E-02  -3.0762233151E-02
   16     -2.1002126847E-01   8.3561711625E-01   4.9542865612E-01   6.7886613251E-03  -2.6448489462E-03
   17      2.6200387441E-01   4.9542865612E-01   6.9496581338E-01   2.7185427344E-02  -2.4538678634E-02
   18      4.7720381126E-02   6.7886613251E-03   2.7185427344E-02   1.9811578568E-01   1.8023365460E-02
   19     -3.0762233151E-02  -2.6448489462E-03  -2.4538678634E-02   1.8023365460E-02   1.7245236968E-01
   20     -3.7054913818E-03  -5.4551802172E-03   6.1705931203E-04   1.0342833862E-01   1.2871884607E-01
   21      2.4564773217E-02   1.2299354287E-02   2.4791903706E-02   3.0299593818E-02  -7.5077209748E-03
   22     -9.9227572724E-03  -8.2390848502E-03  -1.2930378624E-02  -1.3092939248E-02   3.1802601780E-03
   23      5.9014014528E-03  -1.3404402916E-04   3.2023689811E-03   6.4729890504E-03  -1.6642833492E-03
   24     -3.1844945351E-02   8.5211503242E-03  -1.0328971433E-02  -3.2894210301E-02   8.6289329541E-03
   25     -8.1160790716E-03   9.3588466759E-03   3.7746561539E-03  -6.5077640758E-03   1.8749264650E-03
   26     -2.6178498095E-02   1.3028212773E-02  -3.1214396743E-03  -2.5469065137E-02   6.8217565591E-03
   27     -3.1151941870E-01   7.2237614415E-02  -8.2332086291E-02   3.7347564298E-03  -2.8911213013E-03
   28      7.4820300240E-02  -1.7000230271E-01  -7.0479559651E-02  -2.3808453675E-03  -2.3981320100E-03
   29     -8.0244927261E-02  -7.1790872050E-02  -1.4610654390E-01   3.6050714191E-03   2.5718358559E-03
   30      3.1433156979E-02  -2.2017392230E-02  -5.9423295030E-03  -1.6015968607E-03   4.2659680668E-04
   31      9.1596370524E-03  -3.8590816452E-03  -4.1270154730E-03  -9.9883028738E-04   2.6243814886E-04
   32      2.1108339454E-02  -2.0586302558E-02  -3.2610615466E-04  -1.7320961242E-03   4.5686165501E-04
   33      5.2145013426E-04  -8.5963355188E-04   9.2326834037E-04   8.9537287995E-04  -2.3580724288E-04
   34     -2.4445702641E-03   9.5509624844E-05   6.2252727094E-04  -1.9243946956E-03   5.1353972770E-04
   35     -5.8407085327E-03   4.0649253323E-03  -1.5690567460E-03  -6.1234321266E-03   1.6430609276E-03
   36     -7.0945620924E-03   4.5267653315E-03  -1.4001726006E-03  -7.2050091611E-03   1.9349998828E-03
   37      3.6053643071E-04   9.2006740266E-04  -9.3838832949E-04  -1.2757172662E-04   3.4882728697E-05
   38      1.4221267746E-03  -1.6899285411E-03   1.2329663621E-03   1.8837393388E-03  -5.0266058937E-04
   39      3.1173446324E-03   2.2253279492E-04  -1.8104054300E-03   7.7741415374E-04  -2.6040388462E-03
   40      1.8533083969E-03   2.4451194704E-03  -2.9286369696E-03  -1.7614168335E-03  -3.4326557369E-03
   41      2.9064767260E-04  -4.1603638562E-03   3.6536541865E-03   4.4345496124E-03   3.3795298433E-03
                   20                 21                 22                 23                 24        
    0     -9.0867736045E-02   4.7248396133E-02  -2.2695446963E-02   5.7884083155E-03  -2.5504924997E-02
    1     -1.2618736172E-01  -2.1622131751E-02   1.4789143926E-02  -2.9989906350E-03  -2.9560646017E-03
    2     -2.0124865591E-01   8.6151995272E-03  -4.5179686267E-03   5.2066206081E-03  -2.0123855215E-02
    3      4.7398394260E-03  -2.6731675267E-02  -1.2191296709E-02  -2.8096497554E-02  -5.3511066867E-02
    4     -8.0298181161E-04   1.9274215056E-02   1.4796244793E-02   1.9050009068E-02   1.6245902251E-03
    5      1.2762400741E-02   1.6944791016E-03   1.0305210815E-03   7.6861920783E-03  -2.8491486348E-02
    6     -2.2335441749E-02  -3.4292773803E-01  -5.0834929297E-01   3.5293293513E-01   1.9737982060E-01
    7      1.2157443337E-02  -4.4179503949E-01  -7.8971279076E-01   6.6252379565E-01   1.3964791111E-01
    8      4.3157953683E-03   3.9690906232E-01   6.3371881499E-01  -1.0797674973E+00  -2.8903469203E-01
    9      5.0178954920E-03   1.7702520204E-02   7.0669586226E-02   6.0536482442E-03  -5.1509738046E-02
   10     -2.3116246508E-03   1.3094573077E-01  -7.7564862319E-03  -4.0888497595E-02  -2.8076227290E-02
   11      1.7913257378E-04   4.9193035555E-02  -7.5672955456E-02   9.2701198592E-02  -7.9746467686E-03
   12      4.8363607321E-04   2.4241970966E-02  -9.7269853515E-03   3.8090932053E-03  -2.3478628961E-02
   13     -6.5542112755E-04  -1.7105999087E-02   1.2906647573E-02  -1.8641174444E-03  -8.7937396931E-03
   14      5.2218213963E-03  -4.3012868721E-03   2.9120066663E-03   4.0294400847E-03  -1.9272949651E-02
   15     -3.7054913818E-03   2.4564773217E-02  -9.9227572724E-03   5.9014014528E-03  -3.1844945351E-02
   16     -5.4551802172E-03   1.2299354287E-02  -8.2390848502E-03  -1.3404402916E-04   8.5211503242E-03
   17      6.1705931203E-04   2.4791903706E-02  -1.2930378624E-02   3.2023689811E-03  -1.0328971433E-02
   18      1.0342833862E-01   3.0299593818E-02  -1.3092939248E-02   6.4729890504E-03  -3.2894210301E-02
   19      1.2871884607E-01  -7.5077209748E-03   3.1802601780E-03  -1.6642833492E-03   8.6289329541E-03
   20      1.9719083795E-01   1.7014977233E-02  -7.4843370907E-03   3.5104053254E-03  -1.7485457839E-02
   21      1.7014977233E-02   1.7013764684E+00   7.5233115191E-01  -4.5260717299E-01  -1.4678102360E+00
   22     -7.4843370907E-03   7.5233115191E-01   1.5890158143E+00  -1.4835105380E+00  -2.4906886226E-01
   23      3.5104053254E-03  -4.5260717299E-01  -1.4835105380E+00   2.2618335657E+00   9.9819071030E-02
   24     -1.7485457839E-02  -1.4678102360E+00  -2.4906886226E-01   9.9819071030E-02   1.4820538107E+00
   25     -3.1132405752E-03  -4.0868131957E-01  -8.3410822003E-01   8.5111279678E-01   1.1003730384E-01
   26     -1.3248470956E-02  -3.2868173143E-02   9.4019995198E-01  -1.2934389009E+00   2.8039845601E-01
   27      4.3654345244E-03   2.7108884983E-02  -1.1824155203E-02   5.6874967249E-03  -2.8607693732E-02
   28      2.6557611776E-03  -6.3660204938E-03   2.9732150102E-03  -1.1500101518E-03   5.2479593977E-03
   29     -2.6476967117E-03   7.8315982611E-03  -3.1974700230E-03   1.8493859515E-03  -9.8986466643E-03
   30     -8.3803115991E-04  -6.8915475175E-03   2.7716445785E-03  -1.6670831006E-03   9.0248116110E-03
   31     -5.3007582919E-04  -6.6989691361E-04  -2.2639274306E-04  -6.3026867076E-04   4.5858825579E-03
   32     -9.1558488138E-04  -2.9329271037E-03   5.6182874256E-04  -1.2928407414E-03   8.4614121500E-03
   33      4.7403267382E-04   1.1557129814E-03  -9.6224076280E-05   6.2763839359E-04  -4.2704066300E-03
   34     -1.0049471576E-03  -9.2494085852E-03   3.8523407467E-03  -2.1124138503E-03   1.1122124337E-02
   35     -3.1792339398E-03  -3.8458068352E-02   1.7121984880E-02  -7.7402978271E-03   3.7984152329E-02
   36     -3.7372187609E-03  -4.6987100060E-02   2.1081774359E-02  -9.3033840624E-03   4.5192119349E-02
   37     -6.4888883794E-05  -1.4571561963E-03   7.1016017357E-04  -2.3527679558E-04   9.7980670552E-04
   38      9.8377808550E-04   9.0238929000E-03  -3.7547305327E-03   2.0643885911E-03  -1.0878503626E-02
   39      3.4452228973E-03   1.7649976188E-02  -9.8861970257E-03   4.5814561595E-03  -1.4218711340E-02
   40      4.0780084793E-03  -3.9575896022E-04  -2.1808520999E-03   2.5018390904E-03  -1.5007676018E-03
   41     -3.5415883493E-03   1.6093479855E-02  -4.4767299210E-03   1.5597088969E-04  -1.3173881945E-02
                   25                 26                 27                 28                 29        
    0      3.8019180642E-03  -1.2332691959E-02   4.3255371583E-03   4.0118602796E-02   3.2896301561E-02
    1     -1.0181268903E-02  -1.0331276022E-02   3.7235240101E-03   9.5170915124E-03   3.9054080132E-03
    2     -7.3794863415E-03  -1.8429261042E-02   2.2117227376E-03   2.3364117198E-02   2.8355557543E-02
    3     -4.0124137420E-02  -6.6186613755E-02   1.3017752391E-02  -1.0969913057E-03   2.6718691419E-03
    4      7.9737448976E-03   7.6710583556E-03  -1.4222983967E-04   2.3551433038E-03  -2.7919305789E-03
    5     -1.4441791512E-02  -2.9439402772E-02   3.9648248209E-03  -3.3862562530E-03   4.6748220204E-03
    6      3.9035684811E-01  -7.9001454881E-02  -3.3125452822E-02   7.2123491618E-03  -1.0199515149E-02
    7      3.2025860958E-01  -5.2022242121E-01   2.4247693149E-02  -4.9455133759E-03   7.8371540191E-03
    8     -3.8046065208E-01   5.2366114200E-01   1.7557030674E-03  -1.4754528225E-04   8.0150162099E-04
    9     -3.8071247785E-02  -2.6149278018E-02   9.1601341178E-03   2.1506248007E-05   1.0619658883E-03
   10      6.2787063151E-03   5.0184349505E-02  -2.0398740722E-03   3.5144857161E-03  -3.8200206066E-03
   11      4.7880081193E-02  -3.7936255913E-02  -1.3794093963E-03  -2.7256707842E-03   3.8146735805E-03
   12     -3.8407262634E-03  -1.7504813643E-02   2.8251762723E-03  -3.8455096197E-02  -3.3773483270E-02
   13     -1.1654408416E-02  -1.5117913236E-02   4.4198125485E-03   3.0333725688E-02   2.5030769589E-02
   14     -1.1846704591E-02  -2.1655346649E-02   3.0946548058E-03   2.1824288202E-03   7.3061492442E-03
   15     -8.1160790716E-03  -2.6178498095E-02  -3.1151941870E-01   7.4820300240E-02  -8.0244927261E-02
   16      9.3588466759E-03   1.3028212773E-02   7.2237614415E-02  -1.7000230271E-01  -7.1790872050E-02
   17      3.7746561539E-03  -3.1214396743E-03  -8.2332086291E-02  -7.0479559651E-02  -1.4610654390E-01
   18     -6.5077640758E-03  -2.5469065137E-02   3.7347564298E-03  -2.3808453675E-03   3.6050714191E-03
   19      1.8749264650E-03   6.8217565591E-03  -2.8911213013E-03  -2.3981320100E-03   2.5718358559E-03
   20     -3.1132405752E-03  -1.3248470956E-02   4.3654345244E-03   2.6557611776E-03  -2.6476967117E-03
   21     -4.0868131957E-01  -3.2868173143E-02   2.7108884983E-02  -6.3660204938E-03   7.8315982611E-03
   22     -8.3410822003E-01   9.4019995198E-01  -1.1824155203E-02   2.9732150102E-03  -3.1974700230E-03
   23      8.5111279678E-01  -1.2934389009E+00   5.6874967249E-03  -1.1500101518E-03   1.8493859515E-03
   24      1.1003730384E-01   2.8039845601E-01  -2.8607693732E-02   5.2479593977E-03  -9.8986466643E-03
   25      5.0545155599E-01  -4.8864652613E-01  -5.3711720216E-03   4.5482348810E-04  -2.4481843739E-03
   26     -4.8864652613E-01   8.8338989772E-01  -2.1908309899E-02   3.5743947074E-03  -8.0747676468E-03
   27     -5.3711720216E-03  -2.1908309899E-02   3.1892973179E-01  -7.8670440812E-02   8.6431670492E-02
   28      4.5482348810E-04   3.5743947074E-03  -7.8670440812E-02   1.2989122774E-01   4.3121786256E-02
   29     -2.4481843739E-03  -8.0747676468E-03   8.6431670492E-02   4.3121786256E-02   1.1407345455E-01
   30      2.3267710490E-03   7.4413132739E-03  -2.1752556949E-03  -1.0422920815E-03   9.8170610095E-04
   31      2.2608233849E-03   4.6850931983E-03  -2.1743381685E-03  -1.9418669965E-03   2.1390508905E-03
   32      3.5252213126E-03   8.1028856286E-03   3.3821321045E-06   2.6874242337E-03  -3.3413295948E-03
   33     -1.9027333912E-03  -4.1930318433E-03   7.7709608118E-04  -1.3961560437E-04   2.7215301677E-04
   34      2.5794776273E-03   8.9292488268E-03  -1.6586172014E-03   2.7667912266E-04  -6.0456909435E-04
   35      6.1932816044E-03   2.8302579972E-02  -5.2622915716E-03   8.4918485782E-04  -1.9499446201E-03
   36      6.8996863468E-03   3.3280421213E-02  -6.1887970455E-03   9.9317266788E-04  -2.2994019488E-03
   37     -1.7375085865E-05   5.8162064373E-04  -1.0850958106E-04   1.5423417811E-05  -4.2528090660E-05
   38     -2.5317030727E-03  -8.7409747837E-03   1.6236282308E-03  -2.7093802034E-04   5.9170937372E-04
   39     -8.0734781387E-04  -9.3282601307E-03   1.7375487777E-03  -2.6258864959E-04   6.6363841054E-04
   40     -5.3024199369E-04  -1.3575499654E-03   2.5181407915E-04  -4.3999917139E-05   8.9570194257E-05
   41     -1.6177483732E-03  -9.3716849435E-03   1.7435796227E-03  -2.7511710853E-04   6.5302858100E-04
                   30                 31                 32                 33                 34        
    0     -2.8978338182E-04   2.5435327577E-04  -2.3716042129E-03   6.4521454666E-04  -1.0319945297E-03
    1      4.6767523555E-04   1.5014074779E-03  -2.1595859030E-03   1.3363519433E-04  -6.7197734935E-04
    2     -2.2517754950E-03  -2.4983575155E-03   1.0549639735E-03   5.6659541247E-04  -1.3540117559E-03
    3     -3.7426415821E-03  -1.6990147860E-03  -3.2563545790E-03   1.6202201026E-03  -4.6665627248E-03
    4      3.7372249028E-04   6.8542050443E-05   1.9918591036E-04  -8.6620899651E-05   4.9298413319E-04
    5     -1.7262343775E-03  -8.8724733582E-04  -1.6310227944E-03   8.2431864395E-04  -2.1247101930E-03
    6      9.5784778587E-03   3.1085162281E-03   4.7349340378E-03  -2.5879938707E-03   1.1826888309E-02
    7     -6.2630314438E-03  -1.2660809886E-03  -6.8656339529E-03   2.5873456406E-03  -8.9664396323E-03
    8     -1.6798098964E-03  -2.2556190403E-03   5.8975948396E-04   6.2429166927E-04  -8.4420937564E-04
    9     -6.0174532146E-03  -2.4545037793E-03  -4.6145976888E-03   1.5826738071E-03  -2.6969942934E-03
   10      3.1486447081E-02   7.6725558858E-03   2.3912247721E-02   7.3426251828E-04   1.9139538393E-03
   11      2.4967506951E-02   6.5274393176E-03   1.7447894748E-02  -8.2926863192E-05  -1.3451390499E-03
   12     -2.6919412950E-01   9.4056424005E-02  -6.6302372278E-02  -4.4754756864E-03   3.2677421574E-02
   13      9.4762460007E-02  -2.2923629384E-01  -1.3044164862E-01  -2.4792460634E-04   5.9006098748E-03
   14     -6.5870932756E-02  -1.3049181172E-01  -1.9112254511E-01  -4.9352019921E-03   2.8672415766E-02
   15      3.1433156979E-02   9.1596370524E-03   2.1108339454E-02   5.2145013426E-04  -2.4445702641E-03
   16     -2.2017392230E-02  -3.8590816452E-03  -2.0586302558E-02  -8.5963355188E-04   9.5509624844E-05
   17     -5.9423295030E-03  -4.1270154730E-03  -3.2610615466E-04   9.2326834037E-04   6.2252727094E-04
   18     -1.6015968607E-03  -9.9883028738E-04  -1.7320961242E-03   8.9537287995E-04  -1.9243946956E-03
   19      4.2659680668E-04   2.6243814886E-04   4.5686165501E-04  -2.3580724288E-04   5.1353972770E-04
   20     -8.3803115991E-04  -5.3007582919E-04  -9.1558488138E-04   4.7403267382E-04  -1.0049471576E-03
   21     -6.8915475175E-03  -6.6989691361E-04  -2.9329271037E-03   1.1557129814E-03  -9.2494085852E-03
   22      2.7716445785E-03  -2.2639274306E-04   5.6182874256E-04  -9.6224076280E-05   3.8523407467E-03
   23     -1.6670831006E-03  -6.3026867076E-04  -1.2928407414E-03   6.2763839359E-04  -2.1124138503E-03
   24      9.0248116110E-03   4.5858825579E-03   8.4614121500E-03  -4.2704066300E-03   1.1122124337E-02
   25      2.3267710490E-03   2.2608233849E-03   3.5252213126E-03  -1.9027333912E-03   2.5794776273E-03
   26      7.4413132739E-03   4.6850931983E-03   8.1028856286E-03  -4.1930318433E-03   8.9292488268E-03
   27     -2.1752556949E-03  -2.1743381685E-03   3.3821321045E-06   7.7709608118E-04  -1.6586172014E-03
   28     -1.0422920815E-03  -1.9418669965E-03   2.6874242337E-03  -1.3961560437E-04   2.7667912266E-04
   29      9.8170610095E-04   2.1390508905E-03  -3.3413295948E-03   2.7215301677E-04  -6.0456909435E-04
   30      1.2381696415E+00  -2.4882288701E-01   6.2499531065E-01  -6.9627540930E-01   2.1043951518E-01
   31     -2.4882288701E-01   7.2771313502E-01   5.1862334742E-01   1.9787628033E-01  -1.8554138509E-01
   32      6.2499531065E-01   5.1862334742E-01   1.0078655561E+00  -3.0651516450E-01  -2.6797028275E-02
   33     -6.9627540930E-01   1.9787628033E-01  -3.0651516450E-01   6.9233051955E-01  -1.9095716586E-01
   34      2.1043951518E-01  -1.8554138509E-01  -2.6797028275E-02  -1.9095716586E-01   1.3890077701E-01
   35     -2.9190880978E-01  -3.5099093147E-02  -2.5701958047E-01   3.1113659158E-01  -2.8926047603E-03
   36     -3.0140319174E-01  -5.1794907690E-02  -2.7085933853E-01   7.7051083091E-03  -5.0708710689E-02
   37     -6.4827174827E-02  -3.1736164418E-01  -3.6303342734E-01  -6.8479418424E-03   4.0753862912E-02
   38     -2.8589746409E-01  -3.5505789996E-01  -5.7873303940E-01  -7.5677186942E-05   1.5747393479E-03
   39     -6.1507920991E-04  -4.2671481561E-04  -7.1892340938E-04   3.7591708862E-04  -7.2753056161E-04
   40     -8.2054839244E-05  -4.6156485655E-05  -8.2490339715E-05   4.2143388691E-05  -9.9932547354E-05
   41     -6.0336683152E-04  -3.9754213822E-04  -6.7901079427E-04   3.5311264846E-04  -7.1929770035E-04
                   35                 36                 37                 38                 39        
    0     -2.8105168883E-03  -3.2158990612E-03  -2.4158477690E-05   1.0117710838E-03   2.4381521051E-03
    1     -2.6515764450E-03  -3.2186626227E-03  -9.2545569779E-05   6.5606857043E-04   4.2933303466E-02
    2     -4.4902507239E-03  -5.3183251557E-03  -1.0675688836E-04   1.3248001147E-03   3.2865302564E-02
    3     -1.6429071948E-02  -1.9634845636E-02  -4.5709438520E-04   4.5627048340E-03  -2.3102645797E-01
    4      1.9780233772E-03   2.4061369887E-03   7.0955857038E-05  -4.8120372423E-04   8.6801692094E-02
    5     -7.2318450816E-03  -8.5997977693E-03  -1.8489164750E-04   2.0782517450E-03  -2.2727169042E-02
    6      4.5991361000E-02   5.5722453977E-02   1.5655380139E-03  -1.1549149133E-02   2.1670906814E-02
    7     -3.3074884912E-02  -3.9790835793E-02  -1.0192451891E-03   8.7618554397E-03  -1.2550358888E-02
    8     -2.0224399709E-03  -2.2519740003E-03   6.1065455302E-06   8.2858874272E-04  -1.9288288992E-03
    9     -1.1393086587E-02  -1.3343635189E-02  -7.8738148971E-04   3.6203364957E-03   4.9358970054E-03
   10      4.5633347193E-03   6.0692615146E-03  -5.8600908833E-04  -2.4658239676E-04  -1.5259038880E-03
   11      8.2357584959E-04   8.0451153268E-04   1.0457554993E-03  -5.4900280129E-04  -2.3453734784E-03
   12      2.4983597174E-02   3.1854769434E-02  -2.7563697329E-02  -6.3019317675E-04   1.3659549463E-03
   13      1.0866427149E-03   2.6595558436E-03  -4.4450625966E-03  -3.8450037885E-05   1.5930441549E-03
   14      2.2609031520E-02   2.6797096886E-02  -2.7016427673E-02   1.0497262522E-03   2.0416012268E-03
   15     -5.8407085327E-03  -7.0945620924E-03   3.6053643071E-04   1.4221267746E-03   3.1173446324E-03
   16      4.0649253323E-03   4.5267653315E-03   9.2006740266E-04  -1.6899285411E-03   2.2253279492E-04
   17     -1.5690567460E-03  -1.4001726006E-03  -9.3838832949E-04   1.2329663621E-03  -1.8104054300E-03
   18     -6.1234321266E-03  -7.2050091611E-03  -1.2757172662E-04   1.8837393388E-03   7.7741415374E-04
   19      1.6430609276E-03   1.9349998828E-03   3.4882728697E-05  -5.0266058937E-04  -2.6040388462E-03
   20     -3.1792339398E-03  -3.7372187609E-03  -6.4888883794E-05   9.8377808550E-04   3.4452228973E-03
   21     -3.8458068352E-02  -4.6987100060E-02  -1.4571561963E-03   9.0238929000E-03   1.7649976188E-02
   22      1.7121984880E-02   2.1081774359E-02   7.1016017357E-04  -3.7547305327E-03  -9.8861970257E-03
   23     -7.7402978271E-03  -9.3033840624E-03  -2.3527679558E-04   2.0643885911E-03   4.5814561595E-03
   24      3.7984152329E-02   4.5192119349E-02   9.7980670552E-04  -1.0878503626E-02  -1.4218711340E-02
   25      6.1932816044E-03   6.8996863468E-03  -1.7375085865E-05  -2.5317030727E-03  -8.0734781387E-04
   26      2.8302579972E-02   3.3280421213E-02   5.8162064373E-04  -8.7409747837E-03  -9.3282601307E-03
   27     -5.2622915716E-03  -6.1887970455E-03  -1.0850958106E-04   1.6236282308E-03   1.7375487777E-03
   28      8.4918485782E-04   9.9317266788E-04   1.5423417811E-05  -2.7093802034E-04  -2.6258864959E-04
   29     -1.9499446201E-03  -2.2994019488E-03  -4.2528090660E-05   5.9170937372E-04   6.6363841054E-04
   30     -2.9190880978E-01  -3.0140319174E-01  -6.4827174827E-02  -2.8589746409E-01  -6.1507920991E-04
   31     -3.5099093147E-02  -5.1794907690E-02  -3.1736164418E-01  -3.5505789996E-01  -4.2671481561E-04
   32     -2.5701958047E-01  -2.7085933853E-01  -3.6303342734E-01  -5.7873303940E-01  -7.1892340938E-04
   33      3.1113659158E-01   7.7051083091E-03  -6.8479418424E-03  -7.5677186942E-05   3.7591708862E-04
   34     -2.8926047603E-03  -5.0708710689E-02   4.0753862912E-02   1.5747393479E-03  -7.2753056161E-04
   35      2.3581609051E-01  -3.9662000112E-02   3.6548188213E-02  -1.1270117343E-04  -2.2077161996E-03
   36     -3.9662000112E-02   2.6717561543E-01   9.9333002221E-02   2.8517026914E-01  -2.5770265219E-03
   37      3.6548188213E-02   9.9333002221E-02   2.8102432099E-01   3.5348365381E-01  -3.8197516158E-05
   38     -1.1270117343E-04   2.8517026914E-01   3.5348365381E-01   5.7727723090E-01   7.1251841568E-04
   39     -2.2077161996E-03  -2.5770265219E-03  -3.8197516158E-05   7.1251841568E-04   1.9436816333E-01
   40     -3.3046736336E-04  -3.9123836247E-04  -7.7917787679E-06   9.7779706125E-05  -1.0272169450E-01
   41     -2.2359273042E-03  -2.6206858284E-03  -4.2739059910E-05   7.0427799273E-04  -3.2430630838E-03
                   40                 41        
     0      2.5675884990E-03  -1.5389493539E-03
     1      1.3577715834E-02   2.5606254771E-02
     2      4.2507148626E-03   3.1542598222E-02
     3      9.0263253391E-02  -1.7959056092E-02
     4     -2.4076977424E-01  -1.2161381503E-01
     5     -1.1959005987E-01  -1.5884860358E-01
     6      9.8505728587E-03   1.2683507760E-02
     7     -4.4727422730E-03  -9.3342618905E-03
     8     -1.5556310383E-03   1.1851322807E-03
     9      1.8199312382E-03   2.1570036375E-03
    10      2.2796510683E-03  -4.8989117279E-03
    11     -2.5479850387E-03   2.9272868377E-03
    12      2.0431924997E-04   1.3831223262E-03
    13      1.1878248753E-04   1.3795149595E-03
    14      2.0368102345E-04   1.8685032099E-03
    15      1.8533083969E-03   2.9064767260E-04
    16      2.4451194704E-03  -4.1603638562E-03
    17     -2.9286369696E-03   3.6536541865E-03
    18     -1.7614168335E-03   4.4345496124E-03
    19     -3.4326557369E-03   3.3795298433E-03
    20      4.0780084793E-03  -3.5415883493E-03
    21     -3.9575896022E-04   1.6093479855E-02
    22     -2.1808520999E-03  -4.4767299210E-03
    23      2.5018390904E-03   1.5597088969E-04
    24     -1.5007676018E-03  -1.3173881945E-02
    25     -5.3024199369E-04  -1.6177483732E-03
    26     -1.3575499654E-03  -9.3716849435E-03
    27      2.5181407915E-04   1.7435796227E-03
    28     -4.3999917139E-05  -2.7511710853E-04
    29      8.9570194257E-05   6.5302858100E-04
    30     -8.2054839244E-05  -6.0336683152E-04
    31     -4.6156485655E-05  -3.9754213822E-04
    32     -8.2490339715E-05  -6.7901079427E-04
    33      4.2143388691E-05   3.5311264846E-04
    34     -9.9932547354E-05  -7.1929770035E-04
    35     -3.3046736336E-04  -2.2359273042E-03
    36     -3.9123836247E-04  -2.6206858284E-03
    37     -7.7917787679E-06  -4.2739059910E-05
    38      9.7779706125E-05   7.0427799273E-04
    39     -1.0272169450E-01  -3.2430630838E-03
    40      2.3316287821E-01   1.1717122723E-01
    41      1.1717122723E-01   1.3198636276E-01

#
# The atoms: label  mass x y z (in bohrs)
#
$atoms
14
 C     12.01100     -3.643668555242     0.188358791013    -2.108076627007
 C     12.01100     -1.214165813132    -0.455564659659    -1.388199380683
 C     12.01100     -0.140522828445     1.103368603116     0.507230503126
 C     12.01100     -1.124771707346     3.189789576081     1.793879823186
 C     12.01100     -3.577912065612     3.651390638660     0.904478403365
 C     12.01100     -4.841695670865     2.276671434727    -0.954532865296
 H      1.00800     -4.627533863027    -0.898437648681    -3.551749997292
 N     14.00700      2.340197870960     0.505577392839     1.276338192041
 N     14.00700      4.293665425887     0.149005373237     1.982922212545
 H      1.00800     -6.747838922071     2.813340539213    -1.513065685291
 N     14.00700     -5.027526456886     5.834871886203     2.035179947351
 O     15.99900     -7.079376643643     6.362199141621     1.061194003952
 O     15.99900     -4.108288565254     6.938596652453     3.835455233300
 H      1.00800     -0.206729635891    -2.047933989992    -2.222233265679

$actual_temperature
  0.000000

$frequency_scale_factor
  1.000000


$end

