
$orca_hessian_file

$act_atom
  13

$act_coord
  2

$act_energy
        0.000000

$hessian
42
                    0                  1                  2                  3                  4        
    0      1.0354496321E+00  -3.2240330477E-01   2.1965225772E-01  -4.6564240032E-01   1.2441377054E-01
    1     -3.2240330477E-01   7.5719937338E-01   4.0051267331E-01   1.5777941671E-01  -1.9540715587E-01
    2      2.1965225772E-01   4.0051267331E-01   5.5994740878E-01  -9.1908978597E-02  -7.2320839109E-02
    3     -4.6564240032E-01   1.5777941671E-01  -9.1908978597E-02   6.8108371730E-01  -1.1607577171E-01
    4      1.2441377054E-01  -1.9540715587E-01  -7.2320839109E-02  -1.1607577171E-01   4.4526722911E-01
    5     -1.2078836496E-01  -5.4613061346E-02  -1.4692813937E-01   2.2994025589E-01   2.7259586210E-01
    6     -1.7655865559E-02  -4.3616018871E-02  -5.0490964518E-02  -2.7477971272E-01   9.1613198824E-02
    7     -2.1741966356E-03   2.8686261048E-02   1.8268174462E-02  -4.8800128807E-02  -3.4275790668E-01
    8     -1.4546711557E-02  -3.7411005206E-03  -4.7692492074E-03  -1.3245003749E-01  -1.5734340390E-01
    9      5.1138479799E-03  -4.6764798487E-03   3.3273066786E-03   5.5087297746E-02  -4.0396624686E-02
   10     -4.4955468368E-03  -1.2523725954E-03   4.0841176954E-03   4.6868819506E-03   5.5771162145E-03
   11      3.4539776354E-03   4.0122495884E-03  -3.4265353540E-03   2.5935844598E-02  -2.8615496550E-02
   12      4.1860535517E-02   8.2609451217E-03   2.4407042387E-02   3.1807169192E-03   4.0738421632E-03
   13     -2.6545525010E-02  -2.3427752907E-03  -2.4251301523E-02  -4.7125665327E-03  -7.3155012916E-04
   14     -5.7419446884E-03  -5.7332998431E-03   1.3655613310E-03   2.8038344086E-03   1.0065372432E-02
   15     -3.7548418785E-01   1.7088634647E-01  -2.2161211204E-02   8.6576369167E-03   3.6357276262E-02
   16      1.6634805762E-01  -4.0062330699E-01  -2.1052667188E-01   2.8831718498E-03   8.7285796962E-03
   17     -2.6103475832E-02  -2.0810755659E-01  -2.4929465167E-01   1.3129495017E-03   1.7476202686E-02
   18     -2.2732997396E-01   1.0057453491E-02  -9.7197384301E-02  -3.4233009342E-03  -3.7416052847E-02
   19      1.2958838593E-02  -1.8778743304E-01  -1.3144861503E-01   3.2324969326E-03   2.5951771707E-02
   20     -9.4675401128E-02  -1.3300590945E-01  -1.9337686420E-01   2.7605178507E-03   5.4552532672E-03
   21      6.5575541638E-04  -1.0676491000E-03  -5.7416509934E-04   2.6635536661E-03   2.3188264198E-03
   22     -7.0284543946E-04   1.0627702791E-03   5.4479393044E-04  -2.8318078733E-04   1.8765919725E-03
   23     -2.7765396842E-04   3.7627984830E-04   1.7750348260E-04  -2.4172760018E-03  -2.9238250446E-03
   24      1.1254985479E-02   1.9042594585E-02   2.0624553102E-02   1.7504955691E-02  -8.1501120271E-02
   25     -1.0248798764E-03   4.5739705276E-03   3.6112128827E-04  -1.4229996431E-02   6.7003071319E-02
   26      3.1877116927E-03   1.1017365968E-02   1.4766510593E-02  -7.1865282088E-02  -9.7204333960E-02
   27     -1.8988487562E-02   1.5409414332E-02   3.2009346887E-03  -4.7572803516E-02   1.3611320462E-02
   28      1.3832882847E-02  -2.0129275538E-02  -1.0040528096E-02   1.8061395724E-02  -1.8227186307E-02
   29      1.9116936589E-03  -9.2430021966E-03  -6.9815562096E-03   2.9316312498E-02   5.4749295731E-02
   30      2.8228011303E-03  -8.3320113319E-04  -3.3015262425E-03   5.5727115224E-03   1.6801909453E-03
   31      4.0677690904E-02   1.2140703613E-02   2.5461323079E-02   1.7739235289E-03   2.9902337261E-03
   32      3.2606435923E-02   3.4337614671E-03   2.7985254287E-02   8.4397708026E-04  -2.4069396091E-03
   33      3.1774919346E-03  -2.4536710498E-03  -2.5941830211E-03   6.1879347815E-03   1.9324183682E-04
   34      3.0106247278E-04   2.1695669183E-03  -1.4911025928E-03  -1.3586771425E-03   4.2648386946E-04
   35     -2.5402139591E-04  -2.8992089623E-03   1.4329316807E-03   2.0175914882E-03   4.5197697514E-04
   36      2.5128651629E-03  -3.3571965336E-03  -1.5646793842E-03   6.0446514143E-03   5.6074445092E-04
   37     -8.4340315939E-04   1.2019373911E-03   5.9022153374E-04  -2.0912622271E-03  -4.4794189599E-04
   38      6.3696287811E-04  -7.8726258484E-04  -3.4144654626E-04   1.4792297638E-03  -7.8107400395E-05
   39      2.2530005313E-03  -3.0286494023E-03  -1.4190022141E-03   5.4350415278E-03   5.6715758982E-04
   40     -3.4260125563E-04   5.0773618669E-04   2.5663294257E-04  -8.6570305779E-04  -2.4933672896E-04
   41      9.3853401345E-04  -1.2219286850E-03  -5.5672759984E-04   2.2310611001E-03   9.8982373754E-05
                    5                  6                  7                  8                  9        
    0     -1.2078836496E-01  -1.7655865559E-02  -2.1741966356E-03  -1.4546711557E-02   5.1138479799E-03
    1     -5.4613061346E-02  -4.3616018871E-02   2.8686261048E-02  -3.7411005206E-03  -4.6764798487E-03
    2     -1.4692813937E-01  -5.0490964518E-02   1.8268174462E-02  -4.7692492074E-03   3.3273066786E-03
    3      2.2994025589E-01  -2.7477971272E-01  -4.8800128807E-02  -1.3245003749E-01   5.5087297746E-02
    4      2.7259586210E-01   9.1613198824E-02  -3.4275790668E-01  -1.5734340390E-01  -4.0396624686E-02
    5      4.1722625536E-01  -1.1127223951E-02  -2.3186771129E-01  -3.1152640752E-01  -1.3005827074E-02
    6     -1.1127223951E-02   8.9664503231E-01  -5.1753590875E-03  -4.1151147992E-02  -3.4021256347E-01
    7     -2.3186771129E-01  -5.1753590875E-03   1.1750452167E+00   1.7830675086E-01   1.2069564746E-01
    8     -3.1152640752E-01  -4.1151147992E-02   1.7830675086E-01   1.0982610463E+00  -4.7325859361E-02
    9     -1.3005827074E-02  -3.4021256347E-01   1.2069564746E-01  -4.7325859361E-02   1.1116015065E+00
   10     -4.6806575584E-03   1.4842748050E-01  -3.7211506625E-01  -1.9622000325E-01  -2.9001062239E-01
   11      2.8590008948E-03  -2.3191199036E-02  -2.1088594719E-01  -2.4922566735E-01   2.6764452774E-01
   12      1.0458395965E-02  -4.4145968751E-02  -2.9565110468E-03  -3.1201878358E-02  -5.5734019380E-01
   13      5.3901902279E-03   4.5018282264E-02   1.2895415501E-02   2.6535395587E-02   1.1607022783E-01
   14      3.3211916369E-04   1.0519620617E-02   1.1169716761E-03   1.6420935782E-02  -1.6018686642E-01
   15      3.0319104968E-02  -2.5284665465E-02  -8.7126008496E-03  -1.6373880664E-02   1.2894363742E-02
   16     -3.0120090692E-04   1.0001984147E-02  -3.6352424328E-03   9.5948215202E-03  -1.6496616466E-03
   17      2.6688162145E-02  -1.2918140905E-04  -3.1888752282E-04  -8.9209508226E-03   1.8669498317E-03
   18     -3.2449291243E-02   6.6477411168E-03   2.4199706460E-03   3.4798787554E-03  -2.1511520114E-03
   19      2.7051750112E-02  -1.1732668954E-02  -1.7983334754E-03  -1.1254110272E-02   4.5967346764E-03
   20      2.8831512936E-03  -8.8864125765E-03  -3.7815709408E-03  -3.9582483971E-03   2.8770098299E-03
   21     -1.1933730610E-04   3.2118719639E-02   5.3411823715E-03   1.9667929536E-02  -2.3045620949E-01
   22     -4.3060427866E-03  -1.8311023797E-02  -1.0363589752E-03  -1.3944299481E-02   8.4197317293E-03
   23      2.8566966789E-03  -5.9252115915E-04  -1.3166577708E-03   2.3618493452E-03  -9.0068992871E-02
   24     -1.2989788373E-01  -3.4937548630E-01  -3.1265688280E-01   5.1222754880E-01  -3.8488649165E-02
   25     -6.1680943985E-02  -2.5964470618E-01  -8.7673735387E-01   6.8170672184E-01   2.7779495925E-02
   26      7.2644329992E-03   5.5798549584E-01   6.5360001685E-01  -9.6161339784E-01   4.3045159939E-04
   27      2.5281922766E-02   2.3242611611E-01   2.7758452022E-01  -1.6592433062E-01  -5.5157614007E-02
   28      5.7300764631E-02   2.2395290982E-02   3.7470884698E-01  -5.2637331482E-01   6.3243965852E-02
   29     -1.0287769808E-02  -3.8652293740E-01  -3.9108916246E-01   4.5307555406E-01   2.5475898272E-02
   30      8.1629325919E-04  -2.3795931238E-02  -5.5562265102E-03  -1.7417652258E-02   8.8777436209E-03
   31     -2.3514274417E-03  -2.7065259146E-03  -2.2916931155E-04  -1.6336183792E-03   1.8237043926E-03
   32      5.1665577260E-03  -1.4753363491E-02  -3.0999822930E-03  -1.0501390994E-02   3.2787095171E-03
   33      3.4698326499E-03  -3.1140644977E-02  -6.3172182512E-03  -2.4572594480E-02   9.8656662812E-03
   34     -3.5659423436E-04   6.6276496443E-03   3.4928215602E-03   2.2899351417E-03  -5.1576821952E-04
   35      1.4675263969E-03  -1.2877386396E-02  -4.4677478544E-03  -5.7880741540E-03  -7.8110875681E-04
   36      3.7109800118E-03  -3.2250989025E-02  -7.2133982375E-03  -2.3332930043E-02   1.1111862323E-02
   37     -1.5033608060E-03   1.1953734501E-02   2.4668952328E-03   8.4699564186E-03  -3.1401640559E-03
   38      7.2203403570E-04  -7.2174897211E-03  -1.7895930414E-03  -5.3729181837E-03   1.7989211984E-03
   39      3.3911427442E-03  -2.9195781718E-02  -6.4787984884E-03  -2.1078334272E-02   9.2540937688E-03
   40     -6.7756671434E-04   5.1486819349E-03   1.0139739992E-03   3.6062692504E-03  -2.2401870211E-03
   41      1.2763800081E-03  -1.1565288806E-02  -2.6746534881E-03  -8.4430810875E-03   4.6688798103E-03
                   10                 11                 12                 13                 14        
    0     -4.4955468368E-03   3.4539776354E-03   4.1860535517E-02  -2.6545525010E-02  -5.7419446884E-03
    1     -1.2523725954E-03   4.0122495884E-03   8.2609451217E-03  -2.3427752907E-03  -5.7332998431E-03
    2      4.0841176954E-03  -3.4265353540E-03   2.4407042387E-02  -2.4251301523E-02   1.3655613310E-03
    3      4.6868819506E-03   2.5935844598E-02   3.1807169192E-03  -4.7125665327E-03   2.8038344086E-03
    4      5.5771162145E-03  -2.8615496550E-02   4.0738421632E-03  -7.3155012916E-04   1.0065372432E-02
    5     -4.6806575584E-03   2.8590008948E-03   1.0458395965E-02   5.3901902279E-03   3.3211916369E-04
    6      1.4842748050E-01  -2.3191199036E-02  -4.4145968751E-02   4.5018282264E-02   1.0519620617E-02
    7     -3.7211506625E-01  -2.1088594719E-01  -2.9565110468E-03   1.2895415501E-02   1.1169716761E-03
    8     -1.9622000325E-01  -2.4922566735E-01  -3.1201878358E-02   2.6535395587E-02   1.6420935782E-02
    9     -2.9001062239E-01   2.6764452774E-01  -5.5734019380E-01   1.1607022783E-01  -1.6018686642E-01
   10      8.0131756636E-01   4.2262349378E-01   1.1934795101E-01  -2.6064127187E-01  -1.0432934554E-01
   11      4.2262349378E-01   6.4307589570E-01  -1.5727240358E-01  -1.0608964173E-01  -2.4221338672E-01
   12      1.1934795101E-01  -1.5727240358E-01   1.1356363695E+00  -2.1526620431E-01   3.4391226706E-01
   13     -2.6064127187E-01  -1.0608964173E-01  -2.1526620431E-01   7.7889295845E-01   4.4083264622E-01
   14     -1.0432934554E-01  -2.4221338672E-01   3.4391226706E-01   4.4083264622E-01   7.0175764812E-01
   15     -4.1176135521E-02  -3.2334324888E-02  -3.4245810075E-01   8.4127562778E-03  -1.3986172464E-01
   16      2.9522679259E-02   1.8927983952E-02   9.3702388536E-03  -3.1360670347E-01  -2.0976327874E-01
   17     -2.0527863833E-03   5.8370929550E-03  -1.3901166789E-01  -2.1026002004E-01  -3.2137104193E-01
   18      8.3152677375E-04  -4.1898065240E-04   5.1234110865E-04   1.8711196811E-03  -1.4342834383E-03
   19     -1.7997775691E-03   8.7516504177E-04   2.2614348346E-03   1.3412864199E-03  -3.0805618847E-03
   20     -1.1313858349E-03   5.4340742650E-04  -1.0975084206E-03  -3.2829255146E-03   2.8397507976E-03
   21      1.3731952448E-02  -8.5401007481E-02   4.0887159591E-03  -4.0804399579E-02  -3.6899464290E-02
   22     -2.0555335760E-01  -1.3248404720E-01  -7.3015527164E-04   3.2529600099E-02   2.1672303476E-02
   23     -1.2963789932E-01  -2.0737334305E-01  -2.2158323168E-03   3.9216510071E-04   6.2171313333E-03
   24      1.0284398105E-03  -2.2853086912E-02   4.3339384841E-02   3.8963244160E-03   2.4138169194E-02
   25      1.1044432786E-02   1.9170449150E-02   8.2158551718E-04   3.3663645612E-03  -2.1362395741E-05
   26      4.9753054467E-03   1.0429885900E-02   2.1575786476E-02   1.6020305497E-03   1.6688136807E-02
   27      2.5191569597E-02  -7.3404645950E-03  -2.1791898830E-02   1.2874527324E-02  -2.0397371896E-04
   28     -2.2994219137E-02   1.3595167293E-02   5.8302162342E-03  -1.2780832731E-02  -8.1165425433E-03
   29     -6.5466822318E-03   7.8639711617E-03  -6.4835652025E-03  -4.2349552186E-03  -7.1194612504E-03
   30     -1.8287786956E-03   1.7799321547E-04   1.9896847393E-03  -8.3453479092E-04  -2.0078830556E-03
   31      1.8890752643E-03  -2.1878036680E-03  -3.8393789066E-02   2.8823613696E-02   7.7166859060E-04
   32     -4.0999640572E-03   3.7211344798E-03  -3.4504474487E-02   2.0739242123E-02   3.9785673035E-03
   33      3.1902282792E-02   2.7422640013E-02  -3.0567825932E-01   9.3796956358E-02  -5.9476675869E-02
   34      1.3041859738E-02   2.2094031930E-03   9.7265309074E-02  -2.7305006782E-01  -1.4903893843E-01
   35      1.9488947881E-02   2.6620365577E-02  -5.6414884010E-02  -1.5092874579E-01  -2.0166010097E-01
   36     -3.3713237844E-03   1.4417181405E-03  -2.0391956217E-03  -2.5850263923E-03  -4.6676056968E-03
   37      2.4481328059E-03  -2.0293789154E-03   4.0116116520E-02   1.1625594533E-02   2.9191569122E-02
   38     -2.2106412536E-03   1.9115620305E-03   3.2316623936E-02   6.5003568443E-03   2.5250617336E-02
   39     -4.2656776587E-03   2.7347658008E-03   4.2845868438E-02   8.8080624550E-03   2.9106530526E-02
   40     -4.8479742025E-04   8.7840324546E-04  -3.0000979638E-02  -6.3216319453E-03  -2.3567202144E-02
   41     -2.6249936079E-04  -6.2338365930E-04  -4.4679015613E-03  -2.9444368546E-03  -2.4864771139E-03
                   15                 16                 17                 18                 19        
    0     -3.7548418785E-01   1.6634805762E-01  -2.6103475832E-02  -2.2732997396E-01   1.2958838593E-02
    1      1.7088634647E-01  -4.0062330699E-01  -2.0810755659E-01   1.0057453491E-02  -1.8778743304E-01
    2     -2.2161211204E-02  -2.1052667188E-01  -2.4929465167E-01  -9.7197384301E-02  -1.3144861503E-01
    3      8.6576369167E-03   2.8831718498E-03   1.3129495017E-03  -3.4233009342E-03   3.2324969326E-03
    4      3.6357276262E-02   8.7285796962E-03   1.7476202686E-02  -3.7416052847E-02   2.5951771707E-02
    5      3.0319104968E-02  -3.0120090692E-04   2.6688162145E-02  -3.2449291243E-02   2.7051750112E-02
    6     -2.5284665465E-02   1.0001984147E-02  -1.2918140905E-04   6.6477411168E-03  -1.1732668954E-02
    7     -8.7126008496E-03  -3.6352424328E-03  -3.1888752282E-04   2.4199706460E-03  -1.7983334754E-03
    8     -1.6373880664E-02   9.5948215202E-03  -8.9209508226E-03   3.4798787554E-03  -1.1254110272E-02
    9      1.2894363742E-02  -1.6496616466E-03   1.8669498317E-03  -2.1511520114E-03   4.5967346764E-03
   10     -4.1176135521E-02   2.9522679259E-02  -2.0527863833E-03   8.3152677375E-04  -1.7997775691E-03
   11     -3.2334324888E-02   1.8927983952E-02   5.8370929550E-03  -4.1898065240E-04   8.7516504177E-04
   12     -3.4245810075E-01   9.3702388536E-03  -1.3901166789E-01   5.1234110865E-04   2.2614348346E-03
   13      8.4127562778E-03  -3.1360670347E-01  -2.1026002004E-01   1.8711196811E-03   1.3412864199E-03
   14     -1.3986172464E-01  -2.0976327874E-01  -3.2137104193E-01  -1.4342834383E-03  -3.0805618847E-03
   15      9.5886581741E-01  -2.3675545446E-01   2.3465144174E-01   4.1008233654E-02  -2.6927074125E-02
   16     -2.3675545446E-01   8.4849878672E-01   4.9497091061E-01   1.1583600364E-02  -4.2112049628E-03
   17      2.3465144174E-01   4.9497091061E-01   6.8440557644E-01   2.7612749106E-02  -2.4795991922E-02
   18      4.1008233654E-02   1.1583600364E-02   2.7612749106E-02   1.8706059695E-01   1.5512730602E-02
   19     -2.6927074125E-02  -4.2112049628E-03  -2.4795991922E-02   1.5512730602E-02   1.6473132231E-01
   20     -5.7086385212E-03  -4.3306464217E-03   1.1210187723E-03   1.0144756610E-01   1.3234996618E-01
   21      1.9887795006E-03   2.0092083051E-03  -1.1027816377E-03  -2.0142083639E-04   4.5055494338E-04
   22      6.2173943049E-04   2.3793674620E-03  -3.9544298439E-03   2.1811143189E-04  -4.8558238847E-04
   23     -2.3268773701E-03  -3.2266768980E-03   3.3054309174E-03   8.7352653396E-05  -1.9325358096E-04
   24      1.5204702079E-02  -1.5904091035E-02  -5.7455878291E-03  -4.2835005007E-03   8.5694459814E-03
   25     -2.7018720906E-03  -1.1571485734E-03  -2.4290364658E-03   5.5129616517E-04  -1.2419000274E-03
   26      5.6910191522E-03  -9.4301908943E-03  -5.1623844119E-03  -1.7865104042E-03   3.4527005813E-03
   27     -2.7777742097E-02  -7.3682963007E-04  -1.5307052640E-02   6.2558421067E-03  -1.3554825077E-02
   28      2.0415313794E-02   5.9227964560E-03   1.5910782852E-02  -4.3142055152E-03   9.5826812303E-03
   29      2.9516859160E-03   4.7270032342E-03   5.6528884061E-03  -4.1980975559E-04   1.1125363332E-03
   30     -3.1375251043E-01   7.2464880987E-02  -8.1676546210E-02  -1.7680180417E-03  -5.1012538719E-04
   31      7.2080030271E-02  -1.6796082969E-01  -7.0789685071E-02  -1.8861509555E-03  -3.0224880532E-03
   32     -8.2026812639E-02  -7.0591449137E-02  -1.4661778710E-01   1.8314624151E-03   4.2668238702E-03
   33      3.9114310556E-02  -2.1324570892E-02  -1.5545483114E-03  -8.2601002545E-04   1.8229144443E-03
   34      9.2498918248E-03  -3.3594629273E-03  -4.2943156316E-03   2.0026706299E-04  -4.3821167335E-04
   35      2.4859521545E-02  -2.0555697873E-02   2.6982829615E-03  -2.5364393747E-04   5.6288027446E-04
   36      3.3092100164E-03   2.5384252871E-04   3.4707477621E-03  -7.9188980035E-04   1.7505943431E-03
   37     -1.8857113250E-03  -1.3909646728E-03   2.5102131875E-04   2.6373341922E-04  -5.8509591615E-04
   38      1.6787955423E-03   1.3964888043E-03  -7.3792367824E-04  -2.0246861381E-04   4.4583059138E-04
   39      3.7141527251E-03   1.4556230094E-03   1.7160038157E-03  -7.0948882457E-04   1.5689481943E-03
   40      1.3549403927E-04   8.9265413126E-04  -1.6062079887E-03   1.0659968074E-04  -2.3703455574E-04
   41      6.4190105533E-04  -8.9139536603E-04   2.3962870236E-03  -2.9663668409E-04   6.5487971979E-04
                   20                 21                 22                 23                 24        
    0     -9.4675401128E-02   6.5575541638E-04  -7.0284543946E-04  -2.7765396842E-04   1.1254985479E-02
    1     -1.3300590945E-01  -1.0676491000E-03   1.0627702791E-03   3.7627984830E-04   1.9042594585E-02
    2     -1.9337686420E-01  -5.7416509934E-04   5.4479393044E-04   1.7750348260E-04   2.0624553102E-02
    3      2.7605178507E-03   2.6635536661E-03  -2.8318078733E-04  -2.4172760018E-03   1.7504955691E-02
    4      5.4552532672E-03   2.3188264198E-03   1.8765919725E-03  -2.9238250446E-03  -8.1501120271E-02
    5      2.8831512936E-03  -1.1933730610E-04  -4.3060427866E-03   2.8566966789E-03  -1.2989788373E-01
    6     -8.8864125765E-03   3.2118719639E-02  -1.8311023797E-02  -5.9252115915E-04  -3.4937548630E-01
    7     -3.7815709408E-03   5.3411823715E-03  -1.0363589752E-03  -1.3166577708E-03  -3.1265688280E-01
    8     -3.9582483971E-03   1.9667929536E-02  -1.3944299481E-02   2.3618493452E-03   5.1222754880E-01
    9      2.8770098299E-03  -2.3045620949E-01   8.4197317293E-03  -9.0068992871E-02  -3.8488649165E-02
   10     -1.1313858349E-03   1.3731952448E-02  -2.0555335760E-01  -1.2963789932E-01   1.0284398105E-03
   11      5.4340742650E-04  -8.5401007481E-02  -1.3248404720E-01  -2.0737334305E-01  -2.2853086912E-02
   12     -1.0975084206E-03   4.0887159591E-03  -7.3015527164E-04  -2.2158323168E-03   4.3339384841E-02
   13     -3.2829255146E-03  -4.0804399579E-02   3.2529600099E-02   3.9216510071E-04   3.8963244160E-03
   14      2.8397507976E-03  -3.6899464290E-02   2.1672303476E-02   6.2171313333E-03   2.4138169194E-02
   15     -5.7086385212E-03   1.9887795006E-03   6.2173943049E-04  -2.3268773701E-03   1.5204702079E-02
   16     -4.3306464217E-03   2.0092083051E-03   2.3793674620E-03  -3.2266768980E-03  -1.5904091035E-02
   17      1.1210187723E-03  -1.1027816377E-03  -3.9544298439E-03   3.3054309174E-03  -5.7455878291E-03
   18      1.0144756610E-01  -2.0142083639E-04   2.1811143189E-04   8.7352653396E-05  -4.2835005007E-03
   19      1.3234996618E-01   4.5055494338E-04  -4.8558238847E-04  -1.9325358096E-04   8.5694459814E-03
   20      1.8979919935E-01   2.8633621131E-04  -3.0812165959E-04  -1.2237479463E-04   5.2376026729E-03
   21      2.8633621131E-04   1.8637234678E-01   1.7343168187E-02   9.5494741805E-02   8.9262872056E-03
   22     -3.0812165959E-04   1.7343168187E-02   1.7767489375E-01   1.3284442808E-01  -1.0230119090E-02
   23     -1.2237479463E-04   9.5494741805E-02   1.3284442808E-01   2.0056539736E-01  -1.3383541611E-03
   24      5.2376026729E-03   8.9262872056E-03  -1.0230119090E-02  -1.3383541611E-03   1.6868482567E+00
   25     -7.9104556888E-04  -1.7551349187E-03  -1.4542362429E-03   2.6254958957E-03   3.4074958165E-01
   26      2.0823354583E-03   6.1469855449E-03  -1.8730101653E-03  -3.9765060387E-03  -7.9781404410E-01
   27     -8.5239974439E-03  -8.5675563478E-03   8.8877098909E-03   3.3533998254E-03  -1.4784048086E+00
   28      6.0760360609E-03   4.6445412920E-03  -5.1757102362E-03  -2.1502010060E-03   6.1015259289E-02
   29      7.4275924966E-04  -5.1689224359E-04   2.2727825025E-04  -8.4745145825E-05   3.6094963332E-01
   30      3.0279013642E-03   7.1296007997E-04  -7.7734167278E-04  -3.1412545899E-04   1.7488288478E-02
   31      3.5480215596E-03  -6.3893470263E-06   6.6087682420E-08  -3.5966603413E-06   2.8702780311E-03
   32     -3.6072142336E-03   3.6713466707E-04  -4.0619526975E-04  -1.6724655892E-04   1.1597080539E-02
   33      1.1533952633E-03  -6.4093122120E-07  -2.5924626289E-03   1.3750104319E-03   2.3393051883E-02
   34     -2.7648154176E-04  -1.8047468937E-03  -2.2641585966E-03   3.0288556702E-03  -3.1895802221E-03
   35      3.5679616137E-04   2.0706981178E-03   2.6181779347E-03  -3.5055783681E-03   9.2422608713E-03
   36      1.1082587423E-03   8.9742872525E-04  -9.8389941200E-04  -4.0044787839E-04   2.4395727903E-02
   37     -3.7084186004E-04  -2.8773039065E-04   3.1926754081E-04   1.3193345812E-04  -9.4944636819E-03
   38      2.8187832310E-04   2.3890899858E-04  -2.5869534716E-04  -1.0360068493E-04   5.0760557633E-03
   39      9.9337005701E-04   8.0128063103E-04  -8.7943257141E-04  -3.5842353126E-04   2.2196804357E-02
   40     -1.5034826616E-04  -1.1338373712E-04   1.2684684430E-04   5.2952217533E-05  -4.1956666718E-03
   41      4.1440479662E-04   3.4091317813E-04  -3.7213992236E-04  -1.5061447247E-04   8.5560524578E-03
                   25                 26                 27                 28                 29        
    0     -1.0248798764E-03   3.1877116927E-03  -1.8988487562E-02   1.3832882847E-02   1.9116936589E-03
    1      4.5739705276E-03   1.1017365968E-02   1.5409414332E-02  -2.0129275538E-02  -9.2430021966E-03
    2      3.6112128827E-04   1.4766510593E-02   3.2009346887E-03  -1.0040528096E-02  -6.9815562096E-03
    3     -1.4229996431E-02  -7.1865282088E-02  -4.7572803516E-02   1.8061395724E-02   2.9316312498E-02
    4      6.7003071319E-02  -9.7204333960E-02   1.3611320462E-02  -1.8227186307E-02   5.4749295731E-02
    5     -6.1680943985E-02   7.2644329992E-03   2.5281922766E-02   5.7300764631E-02  -1.0287769808E-02
    6     -2.5964470618E-01   5.5798549584E-01   2.3242611611E-01   2.2395290982E-02  -3.8652293740E-01
    7     -8.7673735387E-01   6.5360001685E-01   2.7758452022E-01   3.7470884698E-01  -3.9108916246E-01
    8      6.8170672184E-01  -9.6161339784E-01  -1.6592433062E-01  -5.2637331482E-01   4.5307555406E-01
    9      2.7779495925E-02   4.3045159939E-04  -5.5157614007E-02   6.3243965852E-02   2.5475898272E-02
   10      1.1044432786E-02   4.9753054467E-03   2.5191569597E-02  -2.2994219137E-02  -6.5466822318E-03
   11      1.9170449150E-02   1.0429885900E-02  -7.3404645950E-03   1.3595167293E-02   7.8639711617E-03
   12      8.2158551718E-04   2.1575786476E-02  -2.1791898830E-02   5.8302162342E-03  -6.4835652025E-03
   13      3.3663645612E-03   1.6020305497E-03   1.2874527324E-02  -1.2780832731E-02  -4.2349552186E-03
   14     -2.1362395741E-05   1.6688136807E-02  -2.0397371896E-04  -8.1165425433E-03  -7.1194612504E-03
   15     -2.7018720906E-03   5.6910191522E-03  -2.7777742097E-02   2.0415313794E-02   2.9516859160E-03
   16     -1.1571485734E-03  -9.4301908943E-03  -7.3682963007E-04   5.9227964560E-03   4.7270032342E-03
   17     -2.4290364658E-03  -5.1623844119E-03  -1.5307052640E-02   1.5910782852E-02   5.6528884061E-03
   18      5.5129616517E-04  -1.7865104042E-03   6.2558421067E-03  -4.3142055152E-03  -4.1980975559E-04
   19     -1.2419000274E-03   3.4527005813E-03  -1.3554825077E-02   9.5826812303E-03   1.1125363332E-03
   20     -7.9104556888E-04   2.0823354583E-03  -8.5239974439E-03   6.0760360609E-03   7.4275924966E-04
   21     -1.7551349187E-03   6.1469855449E-03  -8.5675563478E-03   4.6445412920E-03  -5.1689224359E-04
   22     -1.4542362429E-03  -1.8730101653E-03   8.8877098909E-03  -5.1757102362E-03   2.2727825025E-04
   23      2.6254958957E-03  -3.9765060387E-03   3.3533998254E-03  -2.1502010060E-03  -8.4745145825E-05
   24      3.4074958165E-01  -7.9781404410E-01  -1.4784048086E+00   6.1015259289E-02   3.6094963332E-01
   25      1.7853807743E+00  -1.5154518925E+00  -8.1473729971E-02  -9.9258092481E-01   8.7978437618E-01
   26     -1.5154518925E+00   2.0100478597E+00   2.3805709394E-01   9.5515497571E-01  -1.1059188097E+00
   27     -8.1473729971E-02   2.3805709394E-01   1.5309771786E+00  -2.7825305057E-01  -3.0945625954E-02
   28     -9.9258092481E-01   9.5515497571E-01  -2.7825305057E-01   6.9578302472E-01  -5.2811386337E-01
   29      8.7978437618E-01  -1.1059188097E+00  -3.0945625954E-02  -5.2811386337E-01   6.6195968368E-01
   30     -1.9313709091E-03   7.5726469107E-03  -2.3151815067E-02   1.5426358082E-02   1.0873387977E-03
   31      4.3368814789E-05   1.5574548754E-03  -1.1045954224E-03   6.4183973025E-05  -5.2848882716E-04
   32     -9.7223648661E-04   5.2910175193E-03  -1.3045234759E-02   8.1170260714E-03   1.1579256759E-04
   33     -2.5809537130E-03   1.0131689319E-02  -3.0949915467E-02   2.0617623102E-02   1.4495110507E-03
   34      7.0614008608E-04  -1.0721850332E-03   6.8693591817E-03  -5.2369097628E-03  -8.9257484370E-04
   35     -7.2585635412E-04   4.2594075266E-03  -1.0030141102E-02   6.1335361295E-03  -3.7788088591E-06
   36     -2.4105742374E-03   1.0811270218E-02  -3.0174777546E-02   1.9577051914E-02   9.6036387403E-04
   37      7.5846810413E-04  -4.3644599254E-03   1.0399612860E-02  -6.3885923168E-03  -2.1238167511E-05
   38     -6.5394295486E-04   2.1164982764E-03  -7.4181403914E-03   5.1168461356E-03   4.9874683139E-04
   39     -2.1487409370E-03   9.8756858887E-03  -2.7121717710E-02   1.7507356998E-02   7.8639317668E-04
   40      2.9497295976E-04  -1.9637774532E-03   4.2949967966E-03  -2.5478825067E-03   6.9477587643E-05
   41     -9.2184760231E-04   3.7250132867E-03  -1.1154390004E-02   7.3893149616E-03   4.8672496872E-04
                   30                 31                 32                 33                 34        
    0      2.8228011303E-03   4.0677690904E-02   3.2606435923E-02   3.1774919346E-03   3.0106247278E-04
    1     -8.3320113319E-04   1.2140703613E-02   3.4337614671E-03  -2.4536710498E-03   2.1695669183E-03
    2     -3.3015262425E-03   2.5461323079E-02   2.7985254287E-02  -2.5941830211E-03  -1.4911025928E-03
    3      5.5727115224E-03   1.7739235289E-03   8.4397708026E-04   6.1879347815E-03  -1.3586771425E-03
    4      1.6801909453E-03   2.9902337261E-03  -2.4069396091E-03   1.9324183682E-04   4.2648386946E-04
    5      8.1629325919E-04  -2.3514274417E-03   5.1665577260E-03   3.4698326499E-03  -3.5659423436E-04
    6     -2.3795931238E-02  -2.7065259146E-03  -1.4753363491E-02  -3.1140644977E-02   6.6276496443E-03
    7     -5.5562265102E-03  -2.2916931155E-04  -3.0999822930E-03  -6.3172182512E-03   3.4928215602E-03
    8     -1.7417652258E-02  -1.6336183792E-03  -1.0501390994E-02  -2.4572594480E-02   2.2899351417E-03
    9      8.8777436209E-03   1.8237043926E-03   3.2787095171E-03   9.8656662812E-03  -5.1576821952E-04
   10     -1.8287786956E-03   1.8890752643E-03  -4.0999640572E-03   3.1902282792E-02   1.3041859738E-02
   11      1.7799321547E-04  -2.1878036680E-03   3.7211344798E-03   2.7422640013E-02   2.2094031930E-03
   12      1.9896847393E-03  -3.8393789066E-02  -3.4504474487E-02  -3.0567825932E-01   9.7265309074E-02
   13     -8.3453479092E-04   2.8823613696E-02   2.0739242123E-02   9.3796956358E-02  -2.7305006782E-01
   14     -2.0078830556E-03   7.7166859060E-04   3.9785673035E-03  -5.9476675869E-02  -1.4903893843E-01
   15     -3.1375251043E-01   7.2080030271E-02  -8.2026812639E-02   3.9114310556E-02   9.2498918248E-03
   16      7.2464880987E-02  -1.6796082969E-01  -7.0591449137E-02  -2.1324570892E-02  -3.3594629273E-03
   17     -8.1676546210E-02  -7.0789685071E-02  -1.4661778710E-01  -1.5545483114E-03  -4.2943156316E-03
   18     -1.7680180417E-03  -1.8861509555E-03   1.8314624151E-03  -8.2601002545E-04   2.0026706299E-04
   19     -5.1012538719E-04  -3.0224880532E-03   4.2668238702E-03   1.8229144443E-03  -4.3821167335E-04
   20      3.0279013642E-03   3.5480215596E-03  -3.6072142336E-03   1.1533952633E-03  -2.7648154176E-04
   21      7.1296007997E-04  -6.3893470263E-06   3.6713466707E-04  -6.4093122121E-07  -1.8047468937E-03
   22     -7.7734167278E-04   6.6087682420E-08  -4.0619526975E-04  -2.5924626289E-03  -2.2641585966E-03
   23     -3.1412545899E-04  -3.5966603413E-06  -1.6724655892E-04   1.3750104319E-03   3.0288556702E-03
   24      1.7488288478E-02   2.8702780311E-03   1.1597080539E-02   2.3393051883E-02  -3.1895802221E-03
   25     -1.9313709091E-03   4.3368814789E-05  -9.7223648661E-04  -2.5809537130E-03   7.0614008608E-04
   26      7.5726469107E-03   1.5574548754E-03   5.2910175193E-03   1.0131689319E-02  -1.0721850332E-03
   27     -2.3151815067E-02  -1.1045954224E-03  -1.3045234759E-02  -3.0949915467E-02   6.8693591817E-03
   28      1.5426358082E-02   6.4183973025E-05   8.1170260714E-03   2.0617623102E-02  -5.2369097628E-03
   29      1.0873387977E-03  -5.2848882716E-04   1.1579256759E-04   1.4495110507E-03  -8.9257484370E-04
   30      3.1732981739E-01  -7.4086261666E-02   8.7987834486E-02   2.2705901435E-03  -1.8883489683E-03
   31     -7.4086261666E-02   1.2717600491E-01   4.3941825070E-02  -1.1097143490E-03  -1.9079150860E-03
   32      8.7987834486E-02   4.3941825070E-02   1.1570404942E-01   2.9351507419E-03   1.7765440470E-03
   33      2.2705901435E-03  -1.1097143490E-03   2.9351507419E-03   1.4127673152E+00  -1.7659815501E-01
   34     -1.8883489683E-03  -1.9079150860E-03   1.7765440470E-03  -1.7659815501E-01   8.0144990520E-01
   35      2.2449167628E-03   2.1834441235E-03  -2.0373529225E-03   5.7378337494E-01   5.6228718167E-01
   36      2.8507482018E-03   3.6565300970E-05   1.5211546363E-03  -7.7910255425E-01   1.6577396066E-01
   37     -9.4465909383E-04  -6.0226879136E-06  -4.9885111532E-04   1.7647025846E-01  -1.8542908970E-01
   38      7.3291162893E-04   1.4568211290E-05   3.9550462674E-04  -2.5571312246E-01  -6.4987586245E-02
   39      2.5529294662E-03   3.1234292513E-05   1.3609453727E-03  -3.4907833577E-01  -1.0093222347E-01
   40     -3.8058118575E-04  -8.2524820884E-07  -1.9960467928E-04  -1.1182653109E-01  -3.4960096182E-01
   41      1.0698968015E-03   1.6314538602E-05   5.7311388286E-04  -2.7780948026E-01  -3.4918214117E-01
                   35                 36                 37                 38                 39        
    0     -2.5402139591E-04   2.5128651629E-03  -8.4340315939E-04   6.3696287811E-04   2.2530005313E-03
    1     -2.8992089623E-03  -3.3571965336E-03   1.2019373911E-03  -7.8726258484E-04  -3.0286494023E-03
    2      1.4329316807E-03  -1.5646793842E-03   5.9022153374E-04  -3.4144654626E-04  -1.4190022141E-03
    3      2.0175914882E-03   6.0446514143E-03  -2.0912622271E-03   1.4792297638E-03   5.4350415278E-03
    4      4.5197697514E-04   5.6074445092E-04  -4.4794189599E-04  -7.8107400395E-05   5.6715758982E-04
    5      1.4675263969E-03   3.7109800118E-03  -1.5033608060E-03   7.2203403570E-04   3.3911427442E-03
    6     -1.2877386396E-02  -3.2250989025E-02   1.1953734501E-02  -7.2174897211E-03  -2.9195781718E-02
    7     -4.4677478544E-03  -7.2133982375E-03   2.4668952328E-03  -1.7895930414E-03  -6.4787984884E-03
    8     -5.7880741540E-03  -2.3332930043E-02   8.4699564186E-03  -5.3729181837E-03  -2.1078334272E-02
    9     -7.8110875681E-04   1.1111862323E-02  -3.1401640559E-03   1.7989211984E-03   9.2540937688E-03
   10      1.9488947881E-02  -3.3713237844E-03   2.4481328059E-03  -2.2106412536E-03  -4.2656776587E-03
   11      2.6620365577E-02   1.4417181405E-03  -2.0293789154E-03   1.9115620305E-03   2.7347658008E-03
   12     -5.6414884010E-02  -2.0391956217E-03   4.0116116520E-02   3.2316623936E-02   4.2845868438E-02
   13     -1.5092874579E-01  -2.5850263923E-03   1.1625594533E-02   6.5003568443E-03   8.8080624550E-03
   14     -2.0166010097E-01  -4.6676056968E-03   2.9191569122E-02   2.5250617336E-02   2.9106530526E-02
   15      2.4859521545E-02   3.3092100164E-03  -1.8857113250E-03   1.6787955423E-03   3.7141527251E-03
   16     -2.0555697873E-02   2.5384252871E-04  -1.3909646728E-03   1.3964888043E-03   1.4556230094E-03
   17      2.6982829615E-03   3.4707477621E-03   2.5102131875E-04  -7.3792367824E-04   1.7160038157E-03
   18     -2.5364393747E-04  -7.9188980035E-04   2.6373341922E-04  -2.0246861381E-04  -7.0948882457E-04
   19      5.6288027446E-04   1.7505943431E-03  -5.8509591615E-04   4.4583059138E-04   1.5689481943E-03
   20      3.5679616137E-04   1.1082587423E-03  -3.7084186004E-04   2.8187832310E-04   9.9337005701E-04
   21      2.0706981178E-03   8.9742872525E-04  -2.8773039065E-04   2.3890899858E-04   8.0128063103E-04
   22      2.6181779347E-03  -9.8389941200E-04   3.1926754081E-04  -2.5869534716E-04  -8.7943257141E-04
   23     -3.5055783681E-03  -4.0044787839E-04   1.3193345812E-04  -1.0360068493E-04  -3.5842353126E-04
   24      9.2422608713E-03   2.4395727903E-02  -9.4944636819E-03   5.0760557633E-03   2.2196804357E-02
   25     -7.2585635412E-04  -2.4105742374E-03   7.5846810413E-04  -6.5394295486E-04  -2.1487409370E-03
   26      4.2594075266E-03   1.0811270218E-02  -4.3644599254E-03   2.1164982764E-03   9.8756858887E-03
   27     -1.0030141102E-02  -3.0174777546E-02   1.0399612860E-02  -7.4181403914E-03  -2.7121717710E-02
   28      6.1335361295E-03   1.9577051914E-02  -6.3885923168E-03   5.1168461356E-03   1.7507356998E-02
   29     -3.7788088590E-06   9.6036387403E-04  -2.1238167511E-05   4.9874683139E-04   7.8639317668E-04
   30      2.2449167628E-03   2.8507482018E-03  -9.4465909383E-04   7.3291162893E-04   2.5529294662E-03
   31      2.1834441235E-03   3.6565300970E-05  -6.0226879136E-06   1.4568211290E-05   3.1234292513E-05
   32     -2.0373529225E-03   1.5211546363E-03  -4.9885111532E-04   3.9550462674E-04   1.3609453727E-03
   33      5.7378337494E-01  -7.7910255425E-01   1.7647025846E-01  -2.5571312246E-01  -3.4907833577E-01
   34      5.6228718167E-01   1.6577396066E-01  -1.8542908970E-01  -6.4987586245E-02  -1.0093222347E-01
   35      8.3631488645E-01  -2.6519158653E-01  -5.9259582979E-02  -2.0096031331E-01  -2.6841559159E-01
   36     -2.6519158653E-01   7.8465693206E-01  -1.6363197557E-01   2.7133667857E-01   8.5799804433E-03
   37     -5.9259582979E-02  -1.6363197557E-01   1.3420904046E-01   2.3879598043E-02  -5.6884086255E-02
   38     -2.0096031331E-01   2.7133667857E-01   2.3879598043E-02   1.7109820468E-01  -4.4743867094E-02
   39     -2.6841559159E-01   8.5799804433E-03  -5.6884086255E-02  -4.4743867094E-02   3.0847217214E-01
   40     -3.5488930519E-01  -4.3993650298E-03   4.1218371123E-02   3.3412140198E-02   1.4467922624E-01
   41     -4.5919499823E-01   7.9607758116E-04   5.5334138738E-03   5.2411562605E-03   2.8605038133E-01
                   40                 41        
     0     -3.4260125563E-04   9.3853401345E-04
     1      5.0773618669E-04  -1.2219286850E-03
     2      2.5663294257E-04  -5.5672759984E-04
     3     -8.6570305779E-04   2.2310611001E-03
     4     -2.4933672896E-04   9.8982373754E-05
     5     -6.7756671434E-04   1.2763800081E-03
     6      5.1486819349E-03  -1.1565288806E-02
     7      1.0139739992E-03  -2.6746534881E-03
     8      3.6062692504E-03  -8.4430810875E-03
     9     -2.2401870211E-03   4.6688798103E-03
    10     -4.8479742025E-04  -2.6249936079E-04
    11      8.7840324546E-04  -6.2338365930E-04
    12     -3.0000979638E-02  -4.4679015613E-03
    13     -6.3216319453E-03  -2.9444368546E-03
    14     -2.3567202144E-02  -2.4864771139E-03
    15      1.3549403927E-04   6.4190105533E-04
    16      8.9265413126E-04  -8.9139536603E-04
    17     -1.6062079887E-03   2.3962870236E-03
    18      1.0659968074E-04  -2.9663668409E-04
    19     -2.3703455574E-04   6.5487971979E-04
    20     -1.5034826616E-04   4.1440479662E-04
    21     -1.1338373712E-04   3.4091317813E-04
    22      1.2684684430E-04  -3.7213992236E-04
    23      5.2952217533E-05  -1.5061447247E-04
    24     -4.1956666718E-03   8.5560524578E-03
    25      2.9497295976E-04  -9.2184760231E-04
    26     -1.9637774532E-03   3.7250132867E-03
    27      4.2949967966E-03  -1.1154390004E-02
    28     -2.5478825067E-03   7.3893149616E-03
    29      6.9477587643E-05   4.8672496872E-04
    30     -3.8058118575E-04   1.0698968015E-03
    31     -8.2524820884E-07   1.6314538602E-05
    32     -1.9960467928E-04   5.7311388286E-04
    33     -1.1182653109E-01  -2.7780948026E-01
    34     -3.4960096182E-01  -3.4918214117E-01
    35     -3.5488930519E-01  -4.5919499823E-01
    36     -4.3993650298E-03   7.9607758116E-04
    37      4.1218371123E-02   5.5334138738E-03
    38      3.3412140198E-02   5.2411562605E-03
    39      1.4467922624E-01   2.8605038133E-01
    40      3.1538791497E-01   3.4477813699E-01
    41      3.4477813699E-01   4.5734220194E-01

#
# The atoms: label  mass x y z (in bohrs)
#
$atoms
14
 C     12.01100     -3.549529041424     0.228443783294    -2.068307353134
 C     12.01100     -1.046040569122    -0.506307927230    -1.374450144085
 C     12.01100     -0.137879348007     1.119147783919     0.514898863531
 C     12.01100     -1.260987995695     3.216014113605     1.733313294654
 C     12.01100     -3.676201410523     3.735017061035     0.899538111423
 C     12.01100     -4.839809307499     2.255896365261    -0.998835186995
 H      1.00800     -4.530567155464    -0.855843358285    -3.527933918426
 H      1.00800     -0.357486311997     4.347880312675     3.192962550352
 N     14.00700      2.333761889129     0.501244111435     1.292905222273
 N     14.00700      4.285643923594    -0.106200055249     1.803829678259
 H      1.00800     -6.750062056003     2.751528278577    -1.584584298425
 N     14.00700     -5.048473372791     5.877390747972     2.024863969330
 O     15.99900     -7.194700259929     6.302334268467     1.253945976558
 O     15.99900     -3.964865717956     7.110419700082     3.669780126651

$actual_temperature
  0.000000

$frequency_scale_factor
  1.000000


$end

