
$orca_hessian_file

$act_atom
  15

$act_coord
  2

$act_energy
        0.000000

$hessian
48
                    0                  1                  2                  3                  4        
    0      1.1577942363E+00  -3.1590002166E-02  -3.1608109370E-01  -5.9118092459E-01   8.6864262626E-03
    1     -3.1590002166E-02   1.1124073542E+00   1.0171770503E-01   2.9938883832E-03  -3.5400308591E-01
    2     -3.1608109370E-01   1.0171770503E-01   2.4252993102E-01   1.6282260703E-01  -3.0303979597E-02
    3     -5.9118092459E-01   2.9938883832E-03   1.6282260703E-01   1.1798545066E+00   7.1877676626E-02
    4      8.6864262626E-03  -3.5400308591E-01  -3.0303979597E-02   7.1877676626E-02   1.1110271065E+00
    5      1.6335790184E-01  -2.8559328370E-02  -1.1353493004E-01  -3.1598779179E-01   7.0776387034E-02
    6     -4.7065627434E-02  -2.8878159033E-02   1.4099818535E-02  -3.3416320911E-01  -1.0761411203E-01
    7      2.2478242565E-02   2.3689681056E-02  -5.3923876094E-03  -8.6090341962E-02  -5.0527937799E-01
    8      1.8955860645E-02   1.0340141227E-02   3.0042925036E-03   7.8699838911E-02  -9.8582147200E-03
    9      5.3496903544E-03   3.3462016915E-03  -4.1210122394E-03   6.8948577034E-02  -2.6501047300E-02
   10     -8.1049767729E-03   7.1397643583E-03   4.0172173728E-03   3.8388856804E-02  -1.3396691352E-02
   11     -5.2020113450E-03   5.0885361073E-04  -7.4889981453E-03  -1.3748786791E-02   5.7012949596E-03
   12      4.3515050786E-02   2.2704061332E-02  -8.9625763817E-03   1.6306293488E-02  -7.6561869761E-04
   13     -2.4477860459E-02  -1.6521833961E-02   5.2576099181E-03  -8.0024699045E-03   1.2241838946E-03
   14     -1.3410632986E-02  -9.2021180782E-03   1.0526903431E-02  -8.1177162732E-03   1.0777632287E-03
   15     -3.5051535841E-01   6.3575209086E-02   9.2704902023E-02   1.5122947433E-02   5.2638500057E-02
   16      5.7877346187E-02  -5.0535876840E-01  -5.9007096943E-02  -6.8315153175E-04   2.6029247037E-02
   17      9.2167158031E-02  -6.0752558695E-02  -1.0153673558E-01  -2.8103716212E-03  -1.4257941569E-02
   18     -2.5109117913E-01  -5.9829852476E-02   5.7281461437E-02   6.5363542862E-03  -5.3443161035E-02
   19     -6.6037408539E-02  -3.2693746180E-01  -6.2679872604E-03   1.3873246987E-03   3.5633374763E-02
   20      5.6696188047E-02  -8.1700233522E-03  -6.3912530428E-02   1.3957938506E-03   1.8731301030E-02
   21      4.1402351103E-03   5.5778947223E-02   7.1977236204E-03  -2.4124706142E-01   3.9932581160E-02
   22      1.2391958276E-03   3.1100745482E-02   1.5650586620E-03   4.0017864093E-02  -3.2863331003E-01
   23      2.0565512394E-03  -1.5148129919E-02   8.4110936985E-03   6.3720706566E-02  -3.8916498160E-02
   24      1.7953369147E-03   1.1084392243E-03   1.2727850330E-03   8.1892374101E-03  -4.4082466143E-04
   25     -2.4490286398E-03  -1.9239262420E-03   4.0232938146E-05  -1.3225656903E-02   6.8021600394E-04
   26      9.3740725704E-04  -1.0493730059E-03   5.2205812434E-03  -3.7551330119E-03   1.9914252767E-04
   27      4.7959920965E-02  -3.0450440422E-02  -1.6370917072E-02  -7.2414971094E-02   1.6319236649E-02
   28     -1.0283544065E-02   1.4544662126E-02   4.1552998484E-03   4.5448203199E-03   2.2415065272E-02
   29     -1.4498962193E-02   1.0342573855E-02   9.3161953063E-03   2.4195130977E-02  -3.3794317631E-03
   30     -3.1689812639E-02  -5.6647837542E-03   9.1733611268E-03  -7.8574332305E-02   7.5446644327E-04
   31     -3.1348645602E-05  -9.8322373314E-03  -9.1816824266E-04  -4.7505108765E-02   3.9464067488E-03
   32      9.7232561921E-03   8.0441137933E-04  -2.9027283062E-03   1.9602264433E-02   1.4341250559E-04
   33      9.1872201106E-03   5.0770953889E-03   3.0631765555E-03   1.0818661727E-02  -8.7703379001E-04
   34      5.2269263485E-02   2.5962862938E-02  -1.5231730121E-02  -3.0771901384E-03   2.5396597407E-04
   35      7.5114924016E-03  -7.6956562627E-04   1.5245719798E-02  -2.3402092524E-03  -9.6724117983E-05
   36      6.7218089486E-04   5.2784748673E-04  -1.8571817614E-03   3.6967798726E-03  -9.8640171965E-05
   37      4.8672265004E-04  -3.9636401336E-04   3.3678261027E-04  -1.1453259383E-03   1.5756171446E-04
   38     -1.8610149853E-03   3.2393592114E-04  -4.9501848537E-03  -1.2415590956E-03   4.5178331211E-05
   39      7.7820846064E-04   7.7207750967E-04  -1.6554384458E-04   4.9845140988E-03  -2.7268096755E-04
   40      5.4185060830E-04   6.7909203667E-04  -1.0191185261E-04   4.1536019599E-03  -2.4668239597E-04
   41     -1.8745059364E-04  -1.7257082111E-04   4.1140002768E-05  -1.1359541541E-03   6.0300236898E-05
   42      1.7381130258E-04   2.4502527831E-04  -3.0124912604E-05   1.4635982033E-03  -9.0046920479E-05
   43     -3.0180438425E-04  -2.6908445792E-04   6.7064221802E-05  -1.7866474915E-03   9.3567757744E-05
   44     -8.7688191155E-05  -1.7150034510E-04   1.0679691969E-05  -9.6949909797E-04   6.4655818525E-05
   45      1.7701104695E-04   2.8444524805E-04  -2.7385450533E-05   1.6590283224E-03  -1.0572162411E-04
   46     -3.0307391376E-04  -2.8140008297E-04   6.6291026315E-05  -1.8481402517E-03   9.8451919040E-05
   47     -7.6961666070E-05  -4.2452807260E-05   1.9570664858E-05  -3.2932067955E-04   1.3354255563E-05
                    5                  6                  7                  8                  9        
    0      1.6335790184E-01  -4.7065627434E-02   2.2478242565E-02   1.8955860645E-02   5.3496903544E-03
    1     -2.8559328370E-02  -2.8878159033E-02   2.3689681056E-02   1.0340141227E-02   3.3462016915E-03
    2     -1.1353493004E-01   1.4099818535E-02  -5.3923876094E-03   3.0042925036E-03  -4.1210122394E-03
    3     -3.1598779179E-01  -3.3416320911E-01  -8.6090341962E-02   7.8699838911E-02   6.8948577034E-02
    4      7.0776387034E-02  -1.0761411203E-01  -5.0527937799E-01  -9.8582147200E-03  -2.6501047300E-02
    5      2.3009291525E-01   7.6669599346E-02  -1.6452109554E-02  -7.5890963893E-02  -1.9866529868E-02
    6      7.6669599346E-02   7.7719602780E-01   1.2015888565E-01   8.4881608753E-02  -2.9816409344E-01
    7     -1.6452109554E-02   1.2015888565E-01   1.2393029642E+00  -1.5899654654E-02   1.1873486377E-01
    8     -7.5890963893E-02   8.4881608753E-02  -1.5899654654E-02   9.8945764253E-01   7.7273709461E-02
    9     -1.9866529868E-02  -2.9816409344E-01   1.1873486377E-01   7.7273709461E-02   7.6222726260E-01
   10     -1.4183305667E-02  -8.6403327138E-02  -4.9004060948E-01  -1.1917540686E-02  -4.4685071052E-02
   11      1.7017739475E-02   5.7918928000E-02  -7.4796033866E-02  -1.0734503516E-01  -2.2129059274E-01
   12     -7.4342542955E-03  -4.0760714528E-02   2.5237989841E-02   1.6562955854E-02  -5.2010919208E-01
   13      3.2954478327E-03   1.0276466472E-01   2.5331145761E-03  -3.1780453920E-02  -6.6497375712E-02
   14     -5.1301920167E-03   2.3859456275E-02  -8.0129808853E-03  -2.5941541022E-03   1.4233448607E-01
   15      2.2162352920E-03  -1.0852545646E-02   1.2774866267E-02   1.7644017995E-03   1.3869415334E-02
   16      2.0821102115E-03  -1.5728905802E-02   1.1352308008E-03   5.7811412009E-03  -7.1514595702E-03
   17      5.6774126087E-03  -9.3072952822E-04  -2.9541437300E-03  -9.0409940808E-03  -7.6580473897E-04
   18     -3.7727247923E-03  -1.9702232693E-02   1.3270508453E-02   9.4307894971E-03   8.6543303255E-03
   19      1.9285989088E-03   5.8225524111E-04  -9.5281832616E-04  -9.2542409163E-04  -1.0597956360E-03
   20      1.2001654051E-02   8.2270598311E-03  -4.8130199094E-03   3.9888203067E-03  -2.7517920013E-03
   21      6.3711486976E-02   4.5261516702E-02  -2.7835049183E-02  -1.5397930201E-02  -1.8513391673E-03
   22     -3.8942850420E-02   3.1496992890E-02  -1.9304879552E-02  -1.1812165252E-02  -3.5352052394E-03
   23     -6.8821314500E-02  -9.8063125249E-03   6.3741857450E-03   7.1865045051E-03   2.0409073100E-03
   24     -2.5508694023E-03  -1.8612172589E-02   1.1886324621E-02   8.2589577686E-03   7.0798670123E-03
   25      4.1166643151E-03   2.9412060918E-02  -1.9099388041E-02  -1.1263567710E-02  -1.1755467937E-02
   26      1.1694046638E-03   9.9014595447E-03  -5.8805267978E-03   1.0688896373E-03  -4.4197032466E-03
   27      2.5312694203E-02  -1.4237935779E-01  -1.3113826724E-01  -5.7366391568E-01   3.7086942436E-02
   28      2.3041962430E-04  -1.9818241686E-01  -2.4030024436E-01   2.2430590227E-01   7.0733125258E-02
   29     -2.5724483369E-03  -5.8005812443E-01   2.0367725953E-01  -1.7770429190E+00   2.3632039576E-02
   30      2.4146268088E-02   1.4597437420E-01  -1.1324428482E-01   2.7264643137E-01  -1.0207611625E-01
   31      1.4928863183E-02   1.3926804630E-01   1.4640900736E-02  -1.4234848243E-01  -2.9378903333E-02
   32     -5.9924841675E-03   2.9661254719E-01  -6.4905514294E-02   9.7395329657E-01   1.2512726549E-02
   33     -2.1316719111E-03  -3.1842723284E-02   1.7010257797E-02   1.1371302572E-02   7.9944575018E-03
   34      5.7740389737E-04   9.1278332491E-03  -4.8460692323E-03  -3.2567848339E-03  -2.2562663081E-03
   35      4.8394277204E-03   1.0620537584E-02  -5.6708286487E-03  -3.7924344156E-03  -1.2111738254E-03
   36     -1.1420140246E-03  -4.8932746892E-03   4.6086603652E-03   1.9364104778E-03   4.0815800640E-03
   37      3.6583487834E-04   6.1828870115E-03  -2.4556359639E-03  -2.1276915667E-03  -2.3575465317E-04
   38      3.8468446019E-04   2.0862024619E-03  -1.6453322838E-03  -7.9529803561E-04  -1.2731801346E-03
   39     -1.5530418093E-03  -1.1730580673E-02   7.3444426281E-03   4.2912214757E-03   4.3718566964E-03
   40     -1.2959931173E-03  -1.0490086460E-02   6.2775946547E-03   3.8099377126E-03   3.4854600541E-03
   41      3.5375864777E-04   2.6056418765E-03  -1.6588602435E-03  -9.5578660180E-04  -1.0112597736E-03
   42     -4.5696269769E-04  -3.8111655150E-03   2.2373066649E-03   1.3800798143E-03   1.2028611198E-03
   43      5.5627693664E-04   4.0514015979E-03  -2.5987770669E-03  -1.4879580220E-03  -1.6008418605E-03
   44      3.0316968310E-04   2.7085741671E-03  -1.5225385686E-03  -9.7441970252E-04  -7.5621670643E-04
   45     -5.1832515861E-04  -4.4542212633E-03   2.5655945768E-03   1.6082774797E-03   1.3339004500E-03
   46      5.7558030951E-04   4.2519797382E-03  -2.7016860358E-03  -1.5591845323E-03  -1.6424621662E-03
   47      1.0216639585E-04   6.0373290778E-04  -4.4751423168E-04  -2.2744105546E-04  -3.2660369744E-04
                   10                 11                 12                 13                 14        
    0     -8.1049767729E-03  -5.2020113450E-03   4.3515050786E-02  -2.4477860459E-02  -1.3410632986E-02
    1      7.1397643583E-03   5.0885361073E-04   2.2704061332E-02  -1.6521833961E-02  -9.2021180782E-03
    2      4.0172173728E-03  -7.4889981453E-03  -8.9625763817E-03   5.2576099181E-03   1.0526903431E-02
    3      3.8388856804E-02  -1.3748786791E-02   1.6306293488E-02  -8.0024699045E-03  -8.1177162732E-03
    4     -1.3396691352E-02   5.7012949596E-03  -7.6561869761E-04   1.2241838946E-03   1.0777632287E-03
    5     -1.4183305667E-02   1.7017739475E-02  -7.4342542955E-03   3.2954478327E-03  -5.1301920167E-03
    6     -8.6403327138E-02   5.7918928000E-02  -4.0760714528E-02   1.0276466472E-01   2.3859456275E-02
    7     -4.9004060948E-01  -7.4796033866E-02   2.5237989841E-02   2.5331145761E-03  -8.0129808853E-03
    8     -1.1917540686E-02  -1.0734503516E-01   1.6562955854E-02  -3.1780453920E-02  -2.5941541022E-03
    9     -4.4685071052E-02  -2.2129059274E-01  -5.2010919208E-01  -6.6497375712E-02   1.4233448607E-01
   10      6.8297800681E-01   7.2999503167E-02  -2.1455006517E-02  -2.4088538595E-01  -1.2815412462E-02
   11      7.2999503167E-02   1.2851153458E-01   1.4658050227E-01   9.8765069804E-04  -7.9992260056E-02
   12     -2.1455006517E-02   1.4658050227E-01   1.1386860657E+00   1.1136824755E-01  -3.0894218616E-01
   13     -2.4088538595E-01   9.8765069804E-04   1.1136824755E-01   1.0386165326E+00   5.4693118202E-02
   14     -1.2815412462E-02  -7.9992260056E-02  -3.0894218616E-01   5.4693118202E-02   1.9609901413E-01
   15     -4.3727541448E-02  -4.2126947078E-03  -3.8746956150E-01  -1.2449217170E-01   9.0856825081E-02
   16      2.4710102053E-02   3.2407482041E-03  -1.1484887530E-01  -5.1307507362E-01  -8.1975150141E-03
   17      1.4449156597E-02   1.5165729092E-02   9.1766391695E-02  -5.2422439699E-03  -8.1312034836E-02
   18     -8.7656302013E-04  -2.7346488818E-03   5.2713779584E-03   2.6231372267E-04  -1.0420729819E-05
   19     -3.3931151398E-04   2.9274810410E-04  -7.8415201069E-04   1.6798470909E-04  -2.3000367809E-04
   20      2.3667988385E-04   8.6556282164E-04  -1.0868360007E-04  -5.5071144950E-04   5.1387661282E-03
   21     -1.0576431592E-03   2.2734126386E-03  -1.4603558961E-03   3.3947325426E-04   4.7959082630E-04
   22      1.5218404088E-04   5.4210692049E-04  -1.9182045681E-03  -6.2052138243E-05   5.8206313872E-04
   23     -2.1717597518E-04   5.2471309026E-03   2.6725952322E-04  -1.0982777465E-04  -9.2266909821E-05
   24      5.1081982056E-02   1.5024866006E-03  -2.3227724301E-01   5.0391907339E-02   6.8105863913E-02
   25      3.4141512378E-02   7.1721255645E-03   4.0948378561E-02  -3.1598320067E-01  -3.9925505446E-02
   26     -1.2083824352E-02  -3.5144254711E-03   6.7216720153E-02  -4.2820206207E-02  -5.0163090741E-02
   27      1.5624252643E-01   3.1726680716E-02   3.5012384611E-02  -6.1536736485E-02  -1.5527300235E-02
   28     -3.2677208673E-02  -3.3486898478E-02   4.0363501273E-03   2.1740944325E-02   5.0323239105E-04
   29     -5.9723524712E-02   7.9671093753E-02  -9.3773551872E-03   2.0622582965E-02   8.0990173799E-03
   30     -3.3981687731E-02   1.2063397760E-02  -6.0313140041E-02   1.3249659150E-02   1.9734588361E-02
   31      2.5851385814E-02   1.6371942825E-02  -1.4198033605E-02  -1.0489963475E-02   3.3626192008E-03
   32      1.7800177127E-02  -5.4415566372E-02   1.7162258472E-02  -5.0633027216E-03  -5.7374344152E-03
   33     -4.5378906879E-03  -1.4255708788E-03  -3.0190158552E-03   6.3547282349E-03   1.0125873567E-03
   34      1.3256371253E-03   3.6975916855E-04  -5.0323206730E-02   3.3099859427E-02   1.8699146159E-02
   35      1.0690802441E-03   5.2108538005E-03  -4.3300443208E-03   1.3297521688E-03  -2.1673097357E-04
   36      8.0108467763E-04  -1.1751604488E-03   2.8869763353E-03  -4.2775415405E-04   7.0208898624E-04
   37      1.4853698287E-03   2.1235704726E-04  -8.3221741956E-05  -5.4096466066E-04  -5.2607049513E-04
   38     -1.0455957874E-04   3.8027997489E-04   7.3470726503E-04  -4.2077257703E-04   5.0451095138E-03
   39     -8.2649638209E-04  -1.4176394951E-03   2.3918138736E-03   3.5116612173E-04  -6.9996369158E-04
   40     -9.5430727809E-04  -1.1580756156E-03   1.8689732526E-03   3.9576121787E-04  -5.3551327656E-04
   41      1.6320102650E-04   3.2527695794E-04  -5.5684308020E-04  -7.0261367834E-05   1.6404362321E-04
   42     -3.7890786416E-04  -4.0433725966E-04   6.3863830390E-04   1.5601198668E-04  -1.8102889640E-04
   43      2.3930272629E-04   5.1312237019E-04  -8.8393615876E-04  -1.0375816040E-04   2.6113687982E-04
   44      3.1935076500E-04   2.6185315839E-04  -3.9108980676E-04  -1.2988917339E-04   1.0762017721E-04
   45     -4.7933818889E-04  -4.5396544264E-04   7.0062190524E-04   1.9619633393E-04  -1.9623790149E-04
   46      2.7024912057E-04   5.2879532046E-04  -9.0374534004E-04  -1.1614820180E-04   2.6604013500E-04
   47     -9.0227485618E-06   9.9230686546E-05  -1.8776240203E-04   1.5073769276E-06   5.7689670228E-05
                   15                 16                 17                 18                 19        
    0     -3.5051535841E-01   5.7877346187E-02   9.2167158031E-02  -2.5109117913E-01  -6.6037408539E-02
    1      6.3575209086E-02  -5.0535876840E-01  -6.0752558695E-02  -5.9829852476E-02  -3.2693746180E-01
    2      9.2704902023E-02  -5.9007096943E-02  -1.0153673558E-01   5.7281461437E-02  -6.2679872604E-03
    3      1.5122947433E-02  -6.8315153175E-04  -2.8103716212E-03   6.5363542862E-03   1.3873246987E-03
    4      5.2638500057E-02   2.6029247037E-02  -1.4257941569E-02  -5.3443161035E-02   3.5633374763E-02
    5      2.2162352920E-03   2.0821102115E-03   5.6774126087E-03  -3.7727247923E-03   1.9285989088E-03
    6     -1.0852545646E-02  -1.5728905802E-02  -9.3072952822E-04  -1.9702232693E-02   5.8225524111E-04
    7      1.2774866267E-02   1.1352308008E-03  -2.9541437300E-03   1.3270508453E-02  -9.5281832616E-04
    8      1.7644017995E-03   5.7811412009E-03  -9.0409940808E-03   9.4307894971E-03  -9.2542409163E-04
    9      1.3869415334E-02  -7.1514595702E-03  -7.6580473897E-04   8.6543303255E-03  -1.0597956360E-03
   10     -4.3727541448E-02   2.4710102053E-02   1.4449156597E-02  -8.7656302013E-04  -3.3931151398E-04
   11     -4.2126947078E-03   3.2407482041E-03   1.5165729092E-02  -2.7346488818E-03   2.9274810410E-04
   12     -3.8746956150E-01  -1.1484887530E-01   9.1766391695E-02   5.2713779584E-03  -7.8415201069E-04
   13     -1.2449217170E-01  -5.1307507362E-01  -5.2422439699E-03   2.6231372267E-04   1.6798470909E-04
   14      9.0856825081E-02  -8.1975150141E-03  -8.1312034836E-02  -1.0420729819E-05  -2.3000367809E-04
   15      1.2422277419E+00   1.6312524060E-02  -3.3568718898E-01   4.8281731123E-02  -2.9820429697E-02
   16      1.6312524060E-02   1.2527485902E+00   9.9720270474E-02   1.8753483795E-02  -1.4276035503E-02
   17     -3.3568718898E-01   9.9720270474E-02   2.5408896205E-01  -1.1282100045E-02   7.2556428864E-03
   18      4.8281731123E-02   1.8753483795E-02  -1.1282100045E-02   2.1513596244E-01   9.2293812940E-02
   19     -2.9820429697E-02  -1.4276035503E-02   7.2556428864E-03   9.2293812940E-02   3.0581529579E-01
   20     -1.5861161831E-02  -7.6299370083E-03   9.8384248670E-03  -4.7357605521E-02  -2.4912332357E-03
   21     -5.1781653998E-04   2.8690069865E-04   2.3829991862E-03  -1.6528589361E-03   3.4205170361E-04
   22     -1.9448812125E-03   1.0506523912E-03   1.9049645206E-05  -9.0128212374E-04   6.8275574575E-05
   23      2.1731913927E-03  -6.6513674941E-04   6.4416348288E-03  -2.4961646413E-03   7.9919168411E-04
   24      4.5914298922E-02  -3.0900706024E-02  -1.5702250705E-02   2.4209654270E-03  -3.1937846770E-04
   25      1.9553646029E-02  -1.3910660118E-02  -7.6972760871E-03  -4.0158660054E-03   5.2306520305E-04
   26     -1.0946369842E-02   7.7641867197E-03   8.2648543576E-03  -1.1201313246E-03   1.4713569112E-04
   27     -2.0447873777E-03   2.7515557280E-02   3.2220899140E-03   1.5321954423E-02   2.5070183294E-04
   28      1.5453805759E-02  -1.7823893020E-02  -6.4161279981E-03   4.3747833251E-03  -1.3036435621E-03
   29      2.0664384373E-03  -1.0113513772E-02  -1.5871491480E-03  -4.3009280299E-03  -1.9835102651E-04
   30     -4.7020683155E-02   2.0166928267E-02   1.6308658132E-02  -3.4842140508E-02   3.8606427546E-03
   31     -1.8432923807E-02   1.4641573581E-02   7.0286791517E-03  -9.4013102276E-03   1.5343792256E-03
   32      1.2680154699E-02  -4.7984427178E-03  -4.3376124267E-03   9.8004685755E-03  -1.0391170123E-03
   33     -5.6778617655E-01   7.6662129171E-02   1.6238725536E-01   1.9478814378E-03  -2.1962215972E-04
   34      3.3852294281E-02  -2.9086922496E-01  -3.1998068720E-02  -5.3282017928E-04   5.8311360557E-05
   35      1.5835048568E-01  -4.5116801654E-02  -1.1425617215E-01  -2.3030225008E-03   5.8212168233E-04
   36     -2.9481944679E-03  -4.5905055368E-02   2.8987519328E-04   1.4282440835E-03  -1.6716817059E-04
   37      4.0907783753E-03   3.5165700602E-02   9.1905394553E-04  -1.8079242891E-05   2.2691944849E-05
   38      5.0028313043E-03   1.6240539710E-02   1.2116821361E-02  -4.3940465568E-04   5.3382196703E-05
   39      2.6984162791E-03  -1.5476269241E-03   3.2056597135E-04   1.4589707839E-03  -1.9339463365E-04
   40      1.7828587802E-03  -1.1771616876E-03  -1.0550291961E-03   1.1507404541E-03  -1.5669784059E-04
   41      6.3463838390E-04  -3.4620880025E-05   4.0232878414E-03  -3.3865304106E-04   4.4496241530E-05
   42      1.3220828336E-03  -6.3318454438E-04   1.9241352776E-03   3.9504532764E-04  -5.4499612968E-05
   43     -1.4494882307E-03   6.9648475401E-04  -1.6462492312E-03  -5.3689475531E-04   7.0276209428E-05
   44     -1.3173421253E-03   5.6319283450E-04  -2.7663789666E-03  -2.4494526741E-04   3.4953496404E-05
   45     -2.8151025690E-04  -1.7590439980E-04  -3.5906831339E-03   4.3559365108E-04  -6.0940244779E-05
   46     -1.6704660118E-04   3.1323589658E-04   2.6277864977E-03  -5.4981362573E-04   7.2313760425E-05
   47     -4.2534660574E-04   1.7087538471E-04  -7.8004981249E-04  -1.1197007806E-04   1.3845413022E-05
                   20                 21                 22                 23                 24        
    0      5.6696188047E-02   4.1402351103E-03   1.2391958276E-03   2.0565512394E-03   1.7953369147E-03
    1     -8.1700233522E-03   5.5778947223E-02   3.1100745482E-02  -1.5148129919E-02   1.1084392243E-03
    2     -6.3912530428E-02   7.1977236204E-03   1.5650586620E-03   8.4110936985E-03   1.2727850330E-03
    3      1.3957938506E-03  -2.4124706142E-01   4.0017864093E-02   6.3720706566E-02   8.1892374101E-03
    4      1.8731301030E-02   3.9932581160E-02  -3.2863331003E-01  -3.8916498160E-02  -4.4082466143E-04
    5      1.2001654051E-02   6.3711486976E-02  -3.8942850420E-02  -6.8821314500E-02  -2.5508694023E-03
    6      8.2270598311E-03   4.5261516702E-02   3.1496992890E-02  -9.8063125249E-03  -1.8612172589E-02
    7     -4.8130199094E-03  -2.7835049183E-02  -1.9304879552E-02   6.3741857450E-03   1.1886324621E-02
    8      3.9888203067E-03  -1.5397930201E-02  -1.1812165252E-02   7.1865045051E-03   8.2589577686E-03
    9     -2.7517920013E-03  -1.8513391673E-03  -3.5352052394E-03   2.0409073100E-03   7.0798670123E-03
   10      2.3667988385E-04  -1.0576431592E-03   1.5218404088E-04  -2.1717597518E-04   5.1081982056E-02
   11      8.6556282164E-04   2.2734126386E-03   5.4210692049E-04   5.2471309026E-03   1.5024866006E-03
   12     -1.0868360007E-04  -1.4603558961E-03  -1.9182045681E-03   2.6725952322E-04  -2.3227724301E-01
   13     -5.5071144950E-04   3.3947325426E-04  -6.2052138243E-05  -1.0982777465E-04   5.0391907339E-02
   14      5.1387661282E-03   4.7959082630E-04   5.8206313872E-04  -9.2266909821E-05   6.8105863913E-02
   15     -1.5861161831E-02  -5.1781653998E-04  -1.9448812125E-03   2.1731913927E-03   4.5914298922E-02
   16     -7.6299370083E-03   2.8690069865E-04   1.0506523912E-03  -6.6513674941E-04  -3.0900706024E-02
   17      9.8384248670E-03   2.3829991862E-03   1.9049645206E-05   6.4416348288E-03  -1.5702250705E-02
   18     -4.7357605521E-02  -1.6528589361E-03  -9.0128212374E-04  -2.4961646413E-03   2.4209654270E-03
   19     -2.4912332357E-03   3.4205170361E-04   6.8275574575E-05   7.9919168411E-04  -3.1937846770E-04
   20      4.6486222509E-02  -2.3793144430E-03   1.1802648379E-03  -8.6819390334E-03  -7.7194359764E-04
   21     -2.3793144430E-03   1.9067069231E-01  -6.9735466905E-02  -5.4813478367E-02  -7.1682546966E-04
   22      1.1802648379E-03  -6.9735466905E-02   3.1206286341E-01   4.7653531793E-02  -9.5795060450E-04
   23     -8.6819390334E-03  -5.4813478367E-02   4.7653531793E-02   5.4544187932E-02   1.2964726315E-04
   24     -7.7194359764E-04  -7.1682546966E-04  -9.5795060450E-04   1.2964726315E-04   1.9596527153E-01
   25      1.2798579481E-03   1.1718960328E-03   1.5854615538E-03  -2.1013429335E-04  -7.6851481789E-02
   26      3.5710286703E-04   3.3003952224E-04   4.4288664114E-04  -5.9520235880E-05  -6.1034544106E-02
   27     -4.6716869955E-03   8.2600301582E-04  -4.7167304336E-03  -2.2951454104E-03   1.5326991826E-02
   28     -1.4633117584E-03  -3.0155618088E-03  -2.1598000519E-03   1.2129038174E-03   2.7548989001E-03
   29      1.2993143651E-03  -2.1341544395E-03   1.7404685191E-03  -4.4021746583E-03  -4.4532219680E-03
   30      1.1040434445E-02   8.4357804266E-03   1.3395032862E-02  -1.3264845438E-03  -2.9629971611E-02
   31      3.0253646042E-03   3.5354430242E-03   3.8765585154E-03  -7.1907706373E-04  -7.4140891104E-03
   32     -3.1010700838E-03  -2.2531840698E-03  -3.7428658815E-03   3.3880043255E-04   8.3895686625E-03
   33     -2.2731829706E-03  -8.2411660526E-04  -9.7594736562E-04   1.6082682212E-04   1.4580697988E-03
   34      6.7804234585E-04   2.3259932383E-04   2.7368825251E-04  -4.5557533318E-05  -3.9432318106E-04
   35     -4.6419362174E-03   2.7455060924E-04   3.2497813766E-04  -5.3593185686E-05  -2.2059526491E-03
   36     -4.5340682267E-04  -3.6857997477E-04  -5.5383144664E-04   6.0908917674E-05   1.2040793103E-03
   37      7.6759558006E-06   5.7256137838E-05   1.7962297444E-05  -1.5854132342E-05   9.0162573238E-06
   38      1.3967605689E-04   1.1838491112E-04   1.7142744386E-04  -2.0169975563E-05  -3.6813787755E-04
   39     -4.6529114683E-04  -4.3435038140E-04  -5.7779142763E-04   7.8808245181E-05   1.2033036716E-03
   40     -3.6738274696E-04  -3.5322191106E-04  -4.5793862291E-04   6.5208874434E-05   9.4418158100E-04
   41      1.0796525123E-04   9.9813176037E-05   1.3390589870E-04  -1.8003907235E-05  -2.7977277344E-04
   42     -1.2618768736E-04  -1.2306379743E-04  -1.5758444229E-04   2.2903352407E-05   3.2330229145E-04
   43      1.7114110320E-04   1.5755871980E-04   2.1214981623E-04  -2.8347089901E-05  -4.4386220290E-04
   44      7.8351154814E-05   7.9273279862E-05   9.8327350036E-05  -1.5052413861E-05  -1.9909227142E-04
   45     -1.3921955702E-04  -1.3785937122E-04  -1.7420990547E-04   2.5874854809E-05   3.5548856744E-04
   46      1.7529175184E-04   1.6223568936E-04   2.1743906282E-04  -2.9283221981E-05  -4.5413393902E-04
   47      3.5615383736E-05   3.0786773694E-05   4.3812567067E-05  -5.3174803657E-06  -9.3523890696E-05
                   25                 26                 27                 28                 29        
    0     -2.4490286398E-03   9.3740725704E-04   4.7959920965E-02  -1.0283544065E-02  -1.4498962193E-02
    1     -1.9239262420E-03  -1.0493730059E-03  -3.0450440422E-02   1.4544662126E-02   1.0342573855E-02
    2      4.0232938146E-05   5.2205812434E-03  -1.6370917072E-02   4.1552998484E-03   9.3161953063E-03
    3     -1.3225656903E-02  -3.7551330119E-03  -7.2414971094E-02   4.5448203199E-03   2.4195130977E-02
    4      6.8021600394E-04   1.9914252767E-04   1.6319236649E-02   2.2415065272E-02  -3.3794317631E-03
    5      4.1166643151E-03   1.1694046638E-03   2.5312694203E-02   2.3041962430E-04  -2.5724483369E-03
    6      2.9412060918E-02   9.9014595447E-03  -1.4237935779E-01  -1.9818241686E-01  -5.8005812443E-01
    7     -1.9099388041E-02  -5.8805267978E-03  -1.3113826724E-01  -2.4030024436E-01   2.0367725953E-01
    8     -1.1263567710E-02   1.0688896373E-03  -5.7366391568E-01   2.2430590227E-01  -1.7770429190E+00
    9     -1.1755467937E-02  -4.4197032466E-03   3.7086942436E-02   7.0733125258E-02   2.3632039576E-02
   10      3.4141512378E-02  -1.2083824352E-02   1.5624252643E-01  -3.2677208673E-02  -5.9723524712E-02
   11      7.1721255645E-03  -3.5144254711E-03   3.1726680716E-02  -3.3486898478E-02   7.9671093753E-02
   12      4.0948378561E-02   6.7216720153E-02   3.5012384611E-02   4.0363501273E-03  -9.3773551872E-03
   13     -3.1598320067E-01  -4.2820206207E-02  -6.1536736485E-02   2.1740944325E-02   2.0622582965E-02
   14     -3.9925505446E-02  -5.0163090741E-02  -1.5527300235E-02   5.0323239105E-04   8.0990173799E-03
   15      1.9553646029E-02  -1.0946369842E-02  -2.0447873777E-03   1.5453805759E-02   2.0664384373E-03
   16     -1.3910660118E-02   7.7641867197E-03   2.7515557280E-02  -1.7823893020E-02  -1.0113513772E-02
   17     -7.6972760871E-03   8.2648543576E-03   3.2220899140E-03  -6.4161279981E-03  -1.5871491480E-03
   18     -4.0158660054E-03  -1.1201313246E-03   1.5321954423E-02   4.3747833251E-03  -4.3009280299E-03
   19      5.2306520305E-04   1.4713569112E-04   2.5070183294E-04  -1.3036435621E-03  -1.9835102651E-04
   20      1.2798579481E-03   3.5710286703E-04  -4.6716869955E-03  -1.4633117584E-03   1.2993143651E-03
   21      1.1718960328E-03   3.3003952224E-04   8.2600301582E-04  -3.0155618088E-03  -2.1341544395E-03
   22      1.5854615538E-03   4.4288664114E-04  -4.7167304336E-03  -2.1598000519E-03   1.7404685191E-03
   23     -2.1013429335E-04  -5.9520235880E-05  -2.2951454104E-03   1.2129038174E-03  -4.4021746583E-03
   24     -7.6851481789E-02  -6.1034544106E-02   1.5326991826E-02   2.7548989001E-03  -4.4532219680E-03
   25      3.0591534787E-01   5.0459167665E-02  -2.3022391140E-02  -5.3681465101E-03   6.5746329570E-03
   26      5.0459167665E-02   4.3890815707E-02  -6.8646633742E-03  -1.3500305733E-03   1.9837017887E-03
   27     -2.3022391140E-02  -6.8646633742E-03   1.3975714428E+00   1.8460203069E-01   8.5234115581E-01
   28     -5.3681465101E-03  -1.3500305733E-03   1.8460203069E-01   4.2628265889E-01  -4.0523869869E-01
   29      6.5746329570E-03   1.9837017887E-03   8.5234115581E-01  -4.0523869869E-01   3.8224541960E+00
   30      4.8469687444E-02   1.3644954004E-02  -1.3814277925E+00  -7.8539078409E-02  -2.7263366281E-01
   31      1.2646574483E-02   3.4632291684E-03  -1.2024080487E-01  -1.8790822504E-01   2.3121000004E-01
   32     -1.3674680954E-02  -3.8588447178E-03  -2.7683856900E-01   2.1838527008E-01  -2.1421710589E+00
   33     -3.1199220706E-03  -2.4624517516E-03   3.0796684884E-02  -2.4293466087E-03  -9.6891073301E-03
   34      8.6905606325E-04   7.3227471556E-04  -8.8774344239E-03   7.6439308568E-04   2.7989425878E-03
   35      1.5679297571E-03  -4.7946713061E-03  -1.0275973851E-02   8.1620747782E-04   3.2334997875E-03
   36     -1.9790506718E-03  -5.5537846031E-04   1.4426714856E-03   4.1512752981E-03  -5.6979288603E-05
   37      7.0181478505E-06  -2.0964418255E-06  -7.3771331617E-03   2.3935090553E-03   2.4895435752E-03
   38      6.0715132354E-04   1.6999831538E-04  -1.1420683487E-03  -1.0450684058E-03   2.5367454115E-04
   39     -2.0017934322E-03  -5.5728887161E-04   9.5672565636E-03   1.5503234183E-03  -2.7955002851E-03
   40     -1.5752366483E-03  -4.3770732591E-04   9.0341307542E-03   7.2815322014E-04  -2.7081953417E-03
   41      4.6499721568E-04   1.2953145075E-04  -2.0797859659E-03  -4.0670688419E-04   6.0121693688E-04
   42     -5.4015488080E-04  -1.4995040106E-04   3.3538027963E-03   1.6607051868E-04  -1.0150832599E-03
   43      7.3743298985E-04   2.0547554866E-04  -3.2016323963E-03  -6.7657143381E-04   9.2081809334E-04
   44      3.3390163141E-04   9.2460627481E-05  -2.4948619017E-03   3.5092440072E-05   7.6987289013E-04
   45     -5.9485551638E-04  -1.6496609145E-04   4.0008529068E-03   8.2464143023E-05  -1.2216855850E-03
   46      7.5487352288E-04   2.1026602704E-04  -3.4026130653E-03  -6.5165332704E-04   9.8489318125E-04
   47      1.5450317473E-04   4.3211813705E-05  -3.7773281300E-04  -2.3748516844E-04   9.3967308187E-05
                   30                 31                 32                 33                 34        
    0     -3.1689812639E-02  -3.1348645602E-05   9.7232561921E-03   9.1872201106E-03   5.2269263485E-02
    1     -5.6647837542E-03  -9.8322373314E-03   8.0441137933E-04   5.0770953889E-03   2.5962862938E-02
    2      9.1733611268E-03  -9.1816824266E-04  -2.9027283062E-03   3.0631765555E-03  -1.5231730121E-02
    3     -7.8574332305E-02  -4.7505108765E-02   1.9602264433E-02   1.0818661727E-02  -3.0771901384E-03
    4      7.5446644327E-04   3.9464067488E-03   1.4341250559E-04  -8.7703379001E-04   2.5396597407E-04
    5      2.4146268088E-02   1.4928863183E-02  -5.9924841675E-03  -2.1316719111E-03   5.7740389737E-04
    6      1.4597437420E-01   1.3926804630E-01   2.9661254719E-01  -3.1842723284E-02   9.1278332491E-03
    7     -1.1324428482E-01   1.4640900736E-02  -6.4905514294E-02   1.7010257797E-02  -4.8460692323E-03
    8      2.7264643137E-01  -1.4234848243E-01   9.7395329657E-01   1.1371302572E-02  -3.2567848339E-03
    9     -1.0207611625E-01  -2.9378903333E-02   1.2512726549E-02   7.9944575018E-03  -2.2562663081E-03
   10     -3.3981687731E-02   2.5851385814E-02   1.7800177127E-02  -4.5378906879E-03   1.3256371253E-03
   11      1.2063397760E-02   1.6371942825E-02  -5.4415566372E-02  -1.4255708788E-03   3.6975916855E-04
   12     -6.0313140041E-02  -1.4198033605E-02   1.7162258472E-02  -3.0190158552E-03  -5.0323206730E-02
   13      1.3249659150E-02  -1.0489963475E-02  -5.0633027216E-03   6.3547282349E-03   3.3099859427E-02
   14      1.9734588361E-02   3.3626192008E-03  -5.7374344152E-03   1.0125873567E-03   1.8699146159E-02
   15     -4.7020683155E-02  -1.8432923807E-02   1.2680154699E-02  -5.6778617655E-01   3.3852294281E-02
   16      2.0166928267E-02   1.4641573581E-02  -4.7984427178E-03   7.6662129171E-02  -2.9086922496E-01
   17      1.6308658132E-02   7.0286791517E-03  -4.3376124267E-03   1.6238725536E-01  -3.1998068720E-02
   18     -3.4842140508E-02  -9.4013102276E-03   9.8004685755E-03   1.9478814378E-03  -5.3282017928E-04
   19      3.8606427546E-03   1.5343792256E-03  -1.0391170123E-03  -2.1962215972E-04   5.8311360557E-05
   20      1.1040434445E-02   3.0253646042E-03  -3.1010700838E-03  -2.2731829706E-03   6.7804234585E-04
   21      8.4357804266E-03   3.5354430242E-03  -2.2531840698E-03  -8.2411660526E-04   2.3259932383E-04
   22      1.3395032862E-02   3.8765585154E-03  -3.7428658815E-03  -9.7594736562E-04   2.7368825251E-04
   23     -1.3264845438E-03  -7.1907706373E-04   3.3880043255E-04   1.6082682212E-04  -4.5557533318E-05
   24     -2.9629971611E-02  -7.4140891104E-03   8.3895686625E-03   1.4580697988E-03  -3.9432318106E-04
   25      4.8469687444E-02   1.2646574483E-02  -1.3674680954E-02  -3.1199220706E-03   8.6905606325E-04
   26      1.3644954004E-02   3.4632291684E-03  -3.8588447178E-03  -2.4624517516E-03   7.3227471556E-04
   27     -1.3814277925E+00  -1.2024080487E-01  -2.7683856900E-01   3.0796684884E-02  -8.8774344239E-03
   28     -7.8539078409E-02  -1.8790822504E-01   2.1838527008E-01  -2.4293466087E-03   7.6439308568E-04
   29     -2.7263366281E-01   2.3121000004E-01  -2.1421710589E+00  -9.6891073301E-03   2.7989425878E-03
   30      1.6890760944E+00   1.2105441571E-01  -1.2966477249E-01  -3.3874611150E-02   9.5581208413E-03
   31      1.2105441571E-01   1.3059561310E-01  -1.4074035935E-01  -5.1197427762E-03   1.3971122836E-03
   32     -1.2966477249E-01  -1.4074035935E-01   1.2553498775E+00   9.9103335849E-03  -2.8008291510E-03
   33     -3.3874611150E-02  -5.1197427762E-03   9.9103335849E-03   8.1234224267E-01   8.8032749678E-02
   34      9.5581208413E-03   1.3971122836E-03  -2.8008291510E-03   8.8032749678E-02   6.2476320442E-01
   35      1.1284935024E-02   1.7014325934E-03  -3.3019074110E-03  -1.9637116011E-01   1.8298974529E-02
   36     -1.5328207723E-02  -5.4755817831E-03   4.1842623550E-03  -2.5591428587E-01  -1.1533665659E-01
   37      2.2778422034E-03  -9.9746491804E-04  -7.9389065845E-04  -1.5951700865E-01  -4.0533237931E-01
   38      4.9134971000E-03   1.5833652852E-03  -1.3576045079E-03   2.3069356339E-02   9.5364270670E-03
   39     -1.7949823477E-02  -4.4201022904E-03   5.0891763000E-03  -1.5750950189E-02   1.2613562079E-02
   40     -1.4579030521E-02  -3.2705638055E-03   4.1638377752E-03  -4.1437893979E-02   3.2720065608E-02
   41      4.1265617532E-03   1.0464162244E-03  -1.1670973291E-03  -6.8477236623E-04  -2.8742334199E-04
   42     -5.0764088263E-03  -1.0861821214E-03   1.4548459072E-03   2.8075557504E-02  -1.6658198145E-02
   43      6.5151025404E-03   1.6728326593E-03  -1.8406682588E-03   2.2943559224E-02  -1.3146625517E-02
   44      3.2652111160E-03   6.1326777922E-04  -9.4388785639E-04   6.3802970472E-03  -3.2435735775E-03
   45     -5.6832088946E-03  -1.1537737088E-03   1.6346626289E-03   6.3911038716E-03  -8.2303272437E-03
   46      6.7069670192E-03   1.6951174285E-03  -1.8974378716E-03   2.1538885902E-03  -7.2938575220E-03
   47      1.2766215541E-03   3.9090702606E-04  -3.5467801689E-04  -2.3172183041E-03   5.1729968099E-03
                   35                 36                 37                 38                 39        
    0      7.5114924016E-03   6.7218089486E-04   4.8672265004E-04  -1.8610149853E-03   7.7820846064E-04
    1     -7.6956562627E-04   5.2784748673E-04  -3.9636401336E-04   3.2393592114E-04   7.7207750967E-04
    2      1.5245719798E-02  -1.8571817614E-03   3.3678261027E-04  -4.9501848537E-03  -1.6554384458E-04
    3     -2.3402092524E-03   3.6967798726E-03  -1.1453259383E-03  -1.2415590956E-03   4.9845140988E-03
    4     -9.6724117983E-05  -9.8640171965E-05   1.5756171446E-04   4.5178331211E-05  -2.7268096755E-04
    5      4.8394277204E-03  -1.1420140246E-03   3.6583487834E-04   3.8468446019E-04  -1.5530418093E-03
    6      1.0620537584E-02  -4.8932746892E-03   6.1828870115E-03   2.0862024619E-03  -1.1730580673E-02
    7     -5.6708286487E-03   4.6086603652E-03  -2.4556359639E-03  -1.6453322838E-03   7.3444426281E-03
    8     -3.7924344156E-03   1.9364104778E-03  -2.1276915667E-03  -7.9529803561E-04   4.2912214757E-03
    9     -1.2111738254E-03   4.0815800640E-03  -2.3575465317E-04  -1.2731801346E-03   4.3718566964E-03
   10      1.0690802441E-03   8.0108467763E-04   1.4853698287E-03  -1.0455957874E-04  -8.2649638209E-04
   11      5.2108538005E-03  -1.1751604488E-03   2.1235704726E-04   3.8027997489E-04  -1.4176394951E-03
   12     -4.3300443208E-03   2.8869763353E-03  -8.3221741956E-05   7.3470726503E-04   2.3918138736E-03
   13      1.3297521688E-03  -4.2775415405E-04  -5.4096466066E-04  -4.2077257703E-04   3.5116612173E-04
   14     -2.1673097357E-04   7.0208898624E-04  -5.2607049513E-04   5.0451095138E-03  -6.9996369158E-04
   15      1.5835048568E-01  -2.9481944679E-03   4.0907783753E-03   5.0028313043E-03   2.6984162791E-03
   16     -4.5116801654E-02  -4.5905055368E-02   3.5165700602E-02   1.6240539710E-02  -1.5476269241E-03
   17     -1.1425617215E-01   2.8987519328E-04   9.1905394553E-04   1.2116821361E-02   3.2056597135E-04
   18     -2.3030225008E-03   1.4282440835E-03  -1.8079242891E-05  -4.3940465568E-04   1.4589707839E-03
   19      5.8212168233E-04  -1.6716817059E-04   2.2691944849E-05   5.3382196703E-05  -1.9339463365E-04
   20     -4.6419362174E-03  -4.5340682267E-04   7.6759558006E-06   1.3967605689E-04  -4.6529114683E-04
   21      2.7455060924E-04  -3.6857997477E-04   5.7256137838E-05   1.1838491112E-04  -4.3435038140E-04
   22      3.2497813766E-04  -5.5383144664E-04   1.7962297444E-05   1.7142744386E-04  -5.7779142763E-04
   23     -5.3593185686E-05   6.0908917674E-05  -1.5854132342E-05  -2.0169975563E-05   7.8808245181E-05
   24     -2.2059526491E-03   1.2040793103E-03   9.0162573238E-06  -3.6813787755E-04   1.2033036716E-03
   25      1.5679297571E-03  -1.9790506718E-03   7.0181478505E-06   6.0715132354E-04  -2.0017934322E-03
   26     -4.7946713061E-03  -5.5537846031E-04  -2.0964418255E-06   1.6999831538E-04  -5.5728887161E-04
   27     -1.0275973851E-02   1.4426714856E-03  -7.3771331617E-03  -1.1420683487E-03   9.5672565636E-03
   28      8.1620747782E-04   4.1512752981E-03   2.3935090553E-03  -1.0450684058E-03   1.5503234183E-03
   29      3.2334997875E-03  -5.6979288603E-05   2.4895435752E-03   2.5367454115E-04  -2.7955002851E-03
   30      1.1284935024E-02  -1.5328207723E-02   2.2778422034E-03   4.9134971000E-03  -1.7949823477E-02
   31      1.7014325934E-03  -5.4755817831E-03  -9.9746491804E-04   1.5833652852E-03  -4.4201022904E-03
   32     -3.3019074110E-03   4.1842623550E-03  -7.9389065845E-04  -1.3576045079E-03   5.0891763000E-03
   33     -1.9637116011E-01  -2.5591428587E-01  -1.5951700865E-01   2.3069356339E-02  -1.5750950189E-02
   34      1.8298974529E-02  -1.1533665659E-01  -4.0533237931E-01   9.5364270670E-03   1.2613562079E-02
   35      2.0637873563E-01   2.7234281906E-02   2.3075791598E-02  -1.3773811656E-01   4.4087429986E-03
   36      2.7234281906E-02   8.7452940220E-01   6.2243857426E-02  -9.9948285181E-03  -3.0917608775E-01
   37      2.3075791598E-02   6.2243857426E-02   9.5646805477E-01  -6.4709075213E-03   6.7726243844E-02
   38     -1.3773811656E-01  -9.9948285181E-03  -6.4709075213E-03   8.2523229488E-01   5.8469373649E-02
