
$orca_hessian_file

$act_atom
  14

$act_coord
  2

$act_energy
        0.000000

$hessian
45
                    0                  1                  2                  3                  4        
    0      1.2063290325E+00  -6.1205602738E-02  -7.9528766840E-02  -5.3771028988E-01  -3.8850814710E-02
    1     -6.1205602738E-02   1.0031621428E+00   1.6825040238E-01   1.2505556842E-02  -2.2491350113E-01
    2     -7.9528766840E-02   1.6825040238E-01   1.3196125344E-01   3.3287519019E-02  -3.2067036192E-02
    3     -5.3771028988E-01   1.2505556842E-02   3.3287519019E-02   7.5394374989E-01   7.9188471088E-02
    4     -3.8850814710E-02  -2.2491350113E-01  -3.2067036192E-02   7.9188471088E-02   7.0698703875E-01
    5      2.3938188788E-02  -3.5230202066E-02  -4.2792314398E-02  -2.8682446969E-02   1.1322656671E-01
    6      5.0799135982E-03  -7.4870606584E-02  -1.3617984724E-02  -2.9057951110E-01   1.0790771789E-01
    7     -9.4978957913E-03   8.3754662321E-03   9.2898152057E-04  -9.4891552766E-02  -5.1253273927E-01
    8     -1.6779587884E-03   5.0511889949E-03   7.0618066733E-03  -5.0121474335E-03  -8.2946533260E-02
    9      5.3748161665E-03  -1.0127703578E-03  -9.9550173157E-04   6.1386455123E-02  -3.2551471309E-02
   10     -1.2638282987E-03   1.8561483539E-03   1.9372882761E-03   3.2527410863E-02  -1.3046052448E-02
   11     -1.0777196785E-03   1.9218374824E-03  -7.9867793184E-03   2.9843622909E-03  -2.9038916345E-03
   12      4.6225375164E-02   3.2172144038E-02   3.4677194277E-03   4.2443519714E-03   9.4280467841E-03
   13     -1.3731124204E-02  -1.2510699151E-02  -2.8241110845E-03  -2.1144538774E-03   9.2111316792E-03
   14     -4.8474184908E-03  -5.6676423100E-03   6.9509912435E-03  -1.1904980168E-03   2.8161546518E-03
   15     -4.5811049565E-01   1.2159194560E-01   4.6837647815E-02  -1.1298908227E-03   4.7588320581E-02
   16      1.2045044610E-01  -4.7555995428E-01  -8.3454399291E-02  -9.5465746895E-04   3.0915493190E-02
   17      4.6666498764E-02  -8.3579087506E-02  -7.4479988671E-02   7.5993681437E-04   3.7357161315E-04
   18     -2.4502561695E-01  -5.1009485495E-02   4.2278970758E-03   3.3524943468E-03  -5.6190469196E-02
   19     -4.7721221874E-02  -3.2873361257E-01  -5.1919285876E-02  -2.2760958748E-05   2.2683903573E-02
   20      4.8464991917E-03  -5.1735755163E-02  -3.5975731667E-02  -3.8496251469E-04   8.1824725324E-03
   21      1.7993777038E-03  -2.0048530395E-03  -4.6930576808E-04   2.8194403677E-03   3.0125872136E-03
   22     -1.5401226558E-03   1.6256920236E-03   3.8491560289E-04  -2.5753761612E-03  -1.8582487702E-03
   23     -3.9875599506E-04   4.2718282756E-04   1.0082414550E-04  -2.7886160126E-04  -1.6398320267E-03
   24      4.5882071833E-03  -4.6198109380E-03  -7.8348707085E-04   7.7767307618E-03   4.4134351809E-03
   25      1.3675544013E-03  -1.2255901798E-03  -1.2479626888E-03   2.4629204767E-03   1.1759756168E-03
   26      3.2059546779E-04  -9.1790361274E-04   5.0296287406E-03   2.4475253672E-05  -2.4277660261E-05
   27     -5.9088233302E-03   2.7580494211E-02   5.6615293380E-03   2.7679448738E-02  -1.4900178942E-01
   28     -7.5396743115E-03   1.9387686412E-02   3.3584601810E-03  -5.4885147633E-02  -6.8011266684E-02
   29     -7.9994248773E-04   1.1892791218E-03   3.8389667824E-03  -5.0906790803E-03  -2.2590023049E-02
   30     -2.2115075477E-02   1.6026437881E-02   4.1679997617E-03  -4.5614710916E-02   1.8418856433E-02
   31      1.5785260409E-02  -2.0644210555E-02  -4.6847330104E-03   2.1286047732E-02   4.4803331274E-02
   32      4.2048898843E-03  -4.7131934044E-03  -1.1019269716E-03   2.8816812821E-03   1.8011941950E-02
   33     -6.4450918997E-03  -8.9973615098E-03  -7.5600269151E-04   4.0724503484E-03  -6.8853632140E-04
   34      4.0282870533E-02   3.2604562813E-02   2.0493069787E-03   1.5265031332E-03   1.5588445248E-03
   35      8.2619925138E-03   5.0004386314E-03   7.9777439102E-03   4.5035825070E-04  -3.7901291600E-04
   36      1.6695501407E-03  -1.7645294644E-03  -5.8945197283E-04   2.7096142843E-03   2.3767546751E-03
   37      1.1667444560E-03  -1.3195904901E-03   1.9819101082E-04   1.8120803713E-03   1.7162805452E-03
   38     -1.0429624888E-04   4.1640511872E-04  -2.6897349692E-03   9.3020652012E-05   1.1033789798E-04
   39      2.1682372711E-03  -2.3234127315E-03  -4.1358615807E-04   3.4948799611E-03   3.0047640561E-03
   40      1.0289846620E-03  -8.2089292840E-04  -6.0326871574E-04   1.9974950498E-03  -2.3625791126E-05
   41      1.7664443394E-04  -3.9056680965E-04   2.1104716499E-03   1.2862256909E-04  -2.0776875271E-04
   42      2.0808834470E-03  -2.0681457216E-03  -4.9622548029E-04   3.5547869264E-03   1.9441270601E-03
   43      1.2684240200E-03  -1.2836473738E-03  -3.0674909370E-04   2.1374633097E-03   1.3334349347E-03
   44      1.9549485435E-05  -2.2383686781E-05  -5.2105879424E-06   2.9619484152E-05   3.7330136462E-05
                    5                  6                  7                  8                  9        
    0      2.3938188788E-02   5.0799135982E-03  -9.4978957913E-03  -1.6779587884E-03   5.3748161665E-03
    1     -3.5230202066E-02  -7.4870606584E-02   8.3754662321E-03   5.0511889949E-03  -1.0127703578E-03
    2     -4.2792314398E-02  -1.3617984724E-02   9.2898152057E-04   7.0618066733E-03  -9.9550173157E-04
    3     -2.8682446969E-02  -2.9057951110E-01  -9.4891552766E-02  -5.0121474335E-03   6.1386455123E-02
    4      1.1322656671E-01   1.0790771789E-01  -5.1253273927E-01  -8.2946533260E-02  -3.2551471309E-02
    5      7.8338907993E-02   3.1926744294E-02  -7.0354110112E-02  -1.0682300880E-01  -8.8681953135E-03
    6      3.1926744294E-02   8.8785281814E-01  -9.1737405288E-02  -1.1623149579E-02  -4.0508925581E-01
    7     -7.0354110112E-02  -9.1737405288E-02   1.2882136844E+00   6.3994551153E-02   6.7062168199E-02
    8     -1.0682300880E-01  -1.1623149579E-02   6.3994551153E-02   9.7962598065E-01   3.3853351513E-02
    9     -8.8681953135E-03  -4.0508925581E-01   6.7062168199E-02   3.3853351513E-02   1.2808662246E+00
   10     -6.9195186868E-03   1.1739483361E-01  -4.5759130287E-01  -8.0740647795E-02  -1.4507072407E-02
   11      1.3334745863E-02   4.3021462955E-02  -7.7648668449E-02  -6.9245852221E-02  -7.3690969222E-02
   12      8.6055539739E-04  -5.3869623571E-02  -3.7534690264E-02  -3.0305246919E-03  -6.2846651338E-01
   13      3.5199459922E-03   2.8299770920E-02   2.9193250505E-02   2.1743174488E-03  -5.9362440284E-02
   14     -8.8370083322E-03   8.7390154206E-03   6.0598350810E-03   8.2189917561E-03   2.4210122477E-02
   15      9.4898696360E-03  -2.6711455497E-02  -2.0667458180E-02  -2.6414435454E-03   2.0386332935E-02
   16      3.3199181833E-03   6.3118234522E-03  -3.4406537829E-03   5.2172322875E-04  -6.7380046637E-05
   17      1.2901850370E-02   1.8862573616E-03   1.8773207823E-03  -8.3100291411E-03  -6.9712833194E-04
   18     -1.0592944799E-02   1.3998225809E-02   1.2670379228E-02   1.6943665410E-03  -6.2171824628E-03
   19      4.6987119301E-03  -1.1288287655E-02  -1.0233901725E-02  -1.9000083687E-03   5.0966017837E-03
   20     -1.7358928133E-03  -2.8077202822E-03  -3.4901143762E-03   3.5654184863E-03   1.3650642783E-03
   21      7.4312969223E-04   2.6762090824E-02   1.8728055281E-02   1.9328086597E-03  -2.4202393794E-01
   22     -1.2801739968E-03  -1.5176356244E-03   1.3607212761E-04  -4.4199147991E-04  -5.0004777872E-02
   23      5.8231519030E-03  -1.6485621686E-03  -1.6297132099E-03   2.9389068638E-03   2.9623629683E-03
   24      3.0373722941E-04  -4.3804727559E-02  -3.6740476780E-02  -3.5626423830E-03   7.8767506867E-03
   25      5.5885314571E-05  -1.3299171076E-02  -1.1054852668E-02  -2.4553286347E-03  -3.0820939766E-03
   26     -5.9813399785E-06   3.8833844533E-04  -1.2741282602E-03   6.6953742263E-03  -2.1198513609E-04
   27     -2.2244788588E-02  -1.7132802601E-01   1.2780886181E-01  -8.0846118822E-02  -4.4820038392E-02
   28     -2.8367676960E-02   2.2059404851E-01  -2.5818501356E-01   2.7653699097E-01   8.8086296329E-03
   29      1.0303547643E-01  -6.3729601056E-02   2.8245474790E-01  -1.8021268558E+00   4.6183834296E-03
   30      2.5261489297E-03   1.3213306176E-01   1.2818387496E-01   7.7869725676E-02  -7.9359966538E-02
   31      1.7800057619E-02  -2.4488917979E-01  -3.7152668640E-02  -1.7593250167E-01   6.2894452653E-02
   32     -5.7656122908E-02   1.0225171428E-02  -1.9871610241E-01   9.7863014410E-01   1.6220253104E-02
   33     -1.0598258299E-04  -1.4145349104E-02  -1.4659886888E-02  -1.8016226704E-03   7.5685229079E-03
   34     -6.3825213383E-04  -1.0421776665E-02  -8.2178441295E-03  -8.5359309579E-04   3.7082953855E-03
   35      4.4432240408E-03  -1.9443225472E-03  -1.3254699003E-03  -1.2115685502E-04   7.7623809055E-04
   36      2.5832414550E-04  -1.7757090807E-02  -1.4048071127E-02  -1.4628530982E-03   6.4197598565E-03
   37      1.9580413160E-04  -1.2250875142E-02  -9.5871574235E-03  -9.9001924119E-04   4.3553445813E-03
   38      1.4092706918E-05  -6.9475246410E-04  -5.2587674777E-04  -5.2876784432E-05   2.3445944750E-04
   39      3.2213910043E-04  -2.2723130788E-02  -1.8027075334E-02  -1.8811786032E-03   8.2504956322E-03
   40     -1.3232023552E-04  -7.8297243491E-03  -7.6620528175E-03  -9.1423976802E-04   3.8633609432E-03
   41     -4.6007316079E-05   1.0683200811E-04  -1.8047176676E-04  -3.9803170295E-05   1.4781305348E-04
   42      1.2552104051E-04  -1.9817939850E-02  -1.6648827056E-02  -1.8106127747E-03   7.8475366332E-03
   43      1.0536430972E-04  -1.2403532195E-02  -1.0260286301E-02  -1.1039084821E-03   4.7991530741E-03
   44      4.8866106497E-06  -2.2772909245E-04  -1.7078121011E-04  -1.7039996439E-05   7.5731372400E-05
                   10                 11                 12                 13                 14        
    0     -1.2638282987E-03  -1.0777196785E-03   4.6225375164E-02  -1.3731124204E-02  -4.8474184908E-03
    1      1.8561483539E-03   1.9218374824E-03   3.2172144038E-02  -1.2510699151E-02  -5.6676423100E-03
    2      1.9372882761E-03  -7.9867793184E-03   3.4677194277E-03  -2.8241110845E-03   6.9509912435E-03
    3      3.2527410863E-02   2.9843622909E-03   4.2443519714E-03  -2.1144538774E-03  -1.1904980168E-03
    4     -1.3046052448E-02  -2.9038916345E-03   9.4280467841E-03   9.2111316792E-03   2.8161546518E-03
    5     -6.9195186868E-03   1.3334745863E-02   8.6055539739E-04   3.5199459922E-03  -8.8370083322E-03
    6      1.1739483361E-01   4.3021462955E-02  -5.3869623571E-02   2.8299770920E-02   8.7390154206E-03
    7     -4.5759130287E-01  -7.7648668449E-02  -3.7534690264E-02   2.9193250505E-02   6.0598350810E-03
    8     -8.0740647795E-02  -6.9245852221E-02  -3.0305246919E-03   2.1743174488E-03   8.2189917561E-03
    9     -1.4507072407E-02  -7.3690969222E-02  -6.2846651338E-01  -5.9362440284E-02   2.4210122477E-02
   10      1.0803601489E+00   1.7371172209E-01  -6.3406479116E-02  -3.5831952964E-01  -4.9847416147E-02
   11      1.7371172209E-01   1.6403972840E-01   2.3397022803E-02  -5.0094857472E-02  -7.2629731167E-02
   12     -6.3406479116E-02   2.3397022803E-02   1.2346530711E+00   9.0587114774E-02  -5.1232206662E-02
   13     -3.5831952964E-01  -5.0094857472E-02   9.0587114774E-02   1.1114827000E+00   1.7128303854E-01
   14     -4.9847416147E-02  -7.2629731167E-02  -5.1232206662E-02   1.7128303854E-01   1.7088700014E-01
   15     -5.6139245230E-02  -1.1022376076E-02  -3.5977507009E-01  -6.7323292093E-02   6.1904081353E-03
   16      1.6246967112E-02   1.7166662190E-03  -6.7029502108E-02  -5.1549009190E-01  -7.8215658246E-02
   17      5.1657642605E-03   7.7937921126E-03   6.2570786058E-03  -7.8238826669E-02  -7.6131836597E-02
   18      3.6551647987E-04   4.4946234777E-04  -1.4187107244E-03   1.0152903311E-03   6.2874360683E-04
   19     -3.2063238416E-04  -3.7224671441E-04   1.1564109793E-03  -6.7923588853E-04  -1.2732329452E-03
   20     -8.2464369412E-05  -9.9084915643E-05   6.7786990370E-04  -1.2869681262E-03   5.7354553558E-03
   21     -4.0588516498E-02   4.7021697373E-03   1.2447469111E-02  -6.1195540744E-02  -1.1187755005E-02
   22     -3.3557281387E-01  -4.9414870053E-02  -5.3034099098E-03   2.3753569955E-02   2.6482446449E-03
   23     -4.9993379801E-02  -5.5509266802E-02  -1.0625303359E-03   6.1091262013E-03   1.2073630119E-02
   24      4.7473561693E-02   8.8353290011E-03  -2.8488283274E-01   5.6547089915E-02   2.5016247002E-02
   25      4.2666276731E-02   5.8545337480E-03   6.4126256794E-02  -2.9942523725E-01  -4.9912899943E-02
   26      2.7353743362E-03   1.1961186488E-02   2.6381785569E-02  -4.9483213700E-02  -5.6692630202E-02
   27     -3.0332020941E-02  -2.4007899819E-03   4.2696126237E-02   2.6151746954E-02   2.4948976916E-03
   28      2.0226721487E-02   2.1887447511E-03   2.0250107392E-02   1.7484660734E-02   1.2881562402E-03
   29      4.5906374953E-03   5.7677482860E-03   1.2720263195E-03   8.9055170495E-04   3.8614244278E-03
   30      9.6296760603E-03   6.6344727267E-03  -2.7886362867E-02   1.0130338036E-02   3.3425489623E-03
   31      3.8609194103E-03  -3.1806315226E-03   1.1598303072E-04  -1.6495801968E-02  -2.9284359058E-03
   32      1.1184088286E-04  -9.8003665849E-04   1.7206998762E-03  -3.6030050841E-03  -7.3374535908E-04
   33     -7.5850242991E-04  -3.7236742988E-04   1.2588499625E-02  -4.4017941544E-03  -1.1946046472E-03
   34      9.0181310768E-05  -8.9295798378E-04  -4.6982333663E-02   1.4264682760E-02   4.4323781105E-03
   35     -6.2164137419E-04   3.5903900576E-03  -8.8896646282E-03   1.7200021774E-03   6.7568700691E-03
   36     -5.8235209917E-05  -4.0641267477E-04   8.8733914548E-04  -1.3805942645E-03  -1.2208644031E-04
   37     -1.9886709504E-05  -2.7217504488E-04   5.2736450404E-04  -8.4201339871E-04  -6.8441766221E-04
   38      2.3210843542E-06  -1.4038837280E-05   1.8870976544E-04  -5.3830326746E-04   2.6660530329E-03
   39     -8.4249165304E-05  -5.2401051655E-04   1.1371977450E-03  -1.7050925356E-03  -4.9988238846E-04
   40     -3.0982580578E-04  -2.9424329237E-04   1.0770233465E-03  -6.7953404876E-04   2.1509245001E-04
   41     -5.0949468054E-05  -1.8324433307E-05  -1.5528752356E-05   3.8952858575E-04  -2.1220253751E-03
   42     -2.5284940930E-04  -5.2963628302E-04   1.4196832306E-03  -1.5170187721E-03  -3.4753164468E-04
   43     -1.2731955470E-04  -3.1896212550E-04   8.1596341722E-04  -9.4785233228E-04  -2.1319655855E-04
   44      1.0692153891E-06  -4.4768528238E-06   6.9874023188E-06  -1.7225244918E-05  -3.4391112289E-06
                   15                 16                 17                 18                 19        
    0     -4.5811049565E-01   1.2045044610E-01   4.6666498764E-02  -2.4502561695E-01  -4.7721221874E-02
    1      1.2159194560E-01  -4.7555995428E-01  -8.3579087506E-02  -5.1009485495E-02  -3.2873361257E-01
    2      4.6837647815E-02  -8.3454399291E-02  -7.4479988671E-02   4.2278970758E-03  -5.1919285876E-02
    3     -1.1298908227E-03  -9.5465746895E-04   7.5993681437E-04   3.3524943468E-03  -2.2760958748E-05
    4      4.7588320581E-02   3.0915493190E-02   3.7357161315E-04  -5.6190469196E-02   2.2683903573E-02
    5      9.4898696360E-03   3.3199181833E-03   1.2901850370E-02  -1.0592944799E-02   4.6987119301E-03
    6     -2.6711455497E-02   6.3118234522E-03   1.8862573616E-03   1.3998225809E-02  -1.1288287655E-02
    7     -2.0667458180E-02  -3.4406537829E-03   1.8773207823E-03   1.2670379228E-02  -1.0233901725E-02
    8     -2.6414435454E-03   5.2172322875E-04  -8.3100291411E-03   1.6943665410E-03  -1.9000083687E-03
    9      2.0386332935E-02  -6.7380046637E-05  -6.9712833194E-04  -6.2171824628E-03   5.0966017837E-03
   10     -5.6139245230E-02   1.6246967112E-02   5.1657642605E-03   3.6551647987E-04  -3.2063238416E-04
   11     -1.1022376076E-02   1.7166662190E-03   7.7937921126E-03   4.4946234777E-04  -3.7224671441E-04
   12     -3.5977507009E-01  -6.7029502108E-02   6.2570786058E-03  -1.4187107244E-03   1.1564109793E-03
   13     -6.7323292093E-02  -5.1549009190E-01  -7.8238826669E-02   1.0152903311E-03  -6.7923588853E-04
   14      6.1904081353E-03  -7.8215658246E-02  -7.6131836597E-02   6.2874360683E-04  -1.2732329452E-03
   15      1.1385990097E+00  -2.6228497065E-02  -6.7243935990E-02   4.3714045518E-02  -1.7012465787E-02
   16     -2.6228497065E-02   1.2225153917E+00   2.0076472180E-01   3.6721119013E-02  -1.4027112601E-02
   17     -6.7243935990E-02   2.0076472180E-01   1.6572103970E-01   4.2139005854E-03  -2.2802898287E-03
   18      4.3714045518E-02   3.6721119013E-02   4.2139005854E-03   1.9297862819E-01   6.8916709551E-02
   19     -1.7012465787E-02  -1.4027112601E-02  -2.2802898287E-03   6.8916709551E-02   3.2116493019E-01
   20     -5.4970232116E-03  -5.6018602322E-03   3.7738872446E-03   1.8623356443E-03   5.0287560423E-02
   21      1.0847535362E-03   1.6734164791E-03   7.0703600880E-04  -1.0120831345E-03   8.4828743979E-04
   22     -1.0983991787E-03  -1.2348605665E-03  -1.4978547423E-03   9.2457292329E-04  -7.7284016890E-04
   23      1.7683882750E-04  -1.6565724929E-03   6.9670779979E-03   2.3533284551E-04  -1.9684873430E-04
   24      4.7852502646E-02  -9.7454210870E-03  -4.3731910105E-03  -2.9104446337E-03   2.4271564455E-03
   25      4.0320368864E-02  -1.0860613913E-02  -5.2669695205E-03  -9.2691336344E-04   7.7236238842E-04
   26      4.6719634084E-03  -2.1685104635E-03   3.8950841611E-03  -1.0048665889E-05   8.2709098454E-06
   27      2.3105978538E-02  -1.3541941610E-02  -3.5785563653E-03  -1.0243205971E-02   8.0966549163E-03
   28      9.3968864258E-03  -1.1341699339E-02  -2.5324674490E-03  -2.8301483059E-03   2.1182804788E-03
   29      2.7320822681E-04  -1.2398551869E-03  -2.4164906061E-04   1.2605893719E-04  -1.2162526064E-04
   30     -2.3899515138E-02  -1.8345950989E-02  -2.2714093411E-03   1.8001335825E-02  -1.4887699268E-02
   31      5.4161921277E-03   1.6500002666E-02   2.7933514495E-03  -6.9049824184E-03   5.8585478135E-03
   32      2.4369728296E-03   4.1045171289E-03   6.4400935807E-04  -2.3469252491E-03   1.9677527486E-03
   33     -4.1286450853E-01  -1.7741080145E-02   1.9955317612E-02  -1.6066855457E-03   1.3742882190E-03
   34     -2.6434338289E-02  -3.1266060090E-01  -4.7851851634E-02  -5.1778101015E-04   3.0743162255E-04
   35      1.8287417083E-02  -4.8340322845E-02  -4.9775091046E-02  -3.8942361303E-04   1.0194647015E-03
   36      1.4205480491E-02  -5.8831917097E-02  -1.1407768873E-02  -9.9453692963E-04   8.3179024555E-04
   37     -4.6743307861E-03   2.5862583018E-02   4.4586374580E-03  -6.6215325316E-04   5.5416778393E-04
   38     -1.5701024952E-03   7.7601897391E-03   4.6105771649E-03  -3.3472952072E-05   2.8079227655E-05
   39     -8.0195160422E-03   4.5460877521E-02   8.4816548333E-03  -1.2841764837E-03   1.0738557373E-03
   40     -5.5795235703E-03   3.1194531477E-02   6.7106960481E-03  -7.7451133492E-04   6.4259213167E-04
   41     -7.6474263063E-04   3.5397869667E-03  -3.3032855108E-03  -5.4675050847E-05   4.4793219705E-05
   42      1.5623484090E-03   1.8686650507E-03   6.4430932515E-04  -1.3320868459E-03   1.1106802240E-03
   43      8.4383657354E-04   1.3806181990E-03  -8.9671606071E-04  -7.9714314968E-04   6.6511935887E-04
   44      3.7529798572E-04  -1.0503445070E-03   5.9345619159E-03  -1.0607253554E-05   8.9045672780E-06
                   20                 21                 22                 23                 24        
    0      4.8464991917E-03   1.7993777038E-03  -1.5401226558E-03  -3.9875599506E-04   4.5882071833E-03
    1     -5.1735755163E-02  -2.0048530395E-03   1.6256920236E-03   4.2718282756E-04  -4.6198109380E-03
    2     -3.5975731667E-02  -4.6930576808E-04   3.8491560289E-04   1.0082414550E-04  -7.8348707085E-04
    3     -3.8496251469E-04   2.8194403677E-03  -2.5753761612E-03  -2.7886160126E-04   7.7767307618E-03
    4      8.1824725324E-03   3.0125872136E-03  -1.8582487702E-03  -1.6398320267E-03   4.4134351809E-03
    5     -1.7358928133E-03   7.4312969223E-04  -1.2801739968E-03   5.8231519030E-03   3.0373722941E-04
    6     -2.8077202822E-03   2.6762090824E-02  -1.5176356244E-03  -1.6485621686E-03  -4.3804727559E-02
    7     -3.4901143762E-03   1.8728055281E-02   1.3607212761E-04  -1.6297132099E-03  -3.6740476780E-02
    8      3.5654184863E-03   1.9328086597E-03  -4.4199147991E-04   2.9389068638E-03  -3.5626423830E-03
    9      1.3650642783E-03  -2.4202393794E-01  -5.0004777872E-02   2.9623629683E-03   7.8767506867E-03
   10     -8.2464369412E-05  -4.0588516498E-02  -3.3557281387E-01  -4.9993379801E-02   4.7473561693E-02
   11     -9.9084915643E-05   4.7021697373E-03  -4.9414870053E-02  -5.5509266802E-02   8.8353290011E-03
   12      6.7786990370E-04   1.2447469111E-02  -5.3034099098E-03  -1.0625303359E-03  -2.8488283274E-01
   13     -1.2869681262E-03  -6.1195540744E-02   2.3753569955E-02   6.1091262013E-03   5.6547089915E-02
   14      5.7354553558E-03  -1.1187755005E-02   2.6482446449E-03   1.2073630119E-02   2.5016247002E-02
   15     -5.4970232116E-03   1.0847535362E-03  -1.0983991787E-03   1.7683882750E-04   4.7852502646E-02
   16     -5.6018602322E-03   1.6734164791E-03  -1.2348605665E-03  -1.6565724929E-03  -9.7454210870E-03
   17      3.7738872446E-03   7.0703600880E-04  -1.4978547423E-03   6.9670779979E-03  -4.3731910105E-03
   18      1.8623356443E-03  -1.0120831345E-03   9.2457292329E-04   2.3533284551E-04  -2.9104446337E-03
   19      5.0287560423E-02   8.4828743979E-04  -7.7284016890E-04  -1.9684873430E-04   2.4271564455E-03
   20      2.9598002450E-02   2.2417657532E-04  -2.0457199864E-04  -5.2084383235E-05   6.4337312044E-04
   21      2.2417657532E-04   1.9107016648E-01   6.5377508637E-02   2.1556066059E-03   2.3419724793E-03
   22     -2.0457199864E-04   6.5377508637E-02   3.2649022972E-01   4.9109684240E-02  -2.1158848717E-03
   23     -5.2084383235E-05   2.1556066059E-03   4.9109684240E-02   4.2433547328E-02  -1.1379460597E-03
   24      6.4337312044E-04   2.3419724793E-03  -2.1158848717E-03  -1.1379460597E-03   2.5995128178E-01
   25      2.0483359141E-04   8.7501387568E-04  -1.0229645615E-03   1.5144723819E-03  -9.1647099979E-02
   26      2.2098340415E-06  -5.6539208002E-04   1.6864869316E-03  -9.3469174190E-03  -3.0607539589E-02
   27      2.2174139541E-03   1.7717309415E-02  -1.3466523929E-02  -3.9213582128E-03   3.5349964269E-02
   28      6.0015541681E-04   7.4530335978E-03  -5.4202756683E-03  -5.3792301418E-04   1.2510206331E-02
   29     -2.9603094153E-05  -6.1202323609E-05   7.8282177485E-04  -4.9849019085E-03   7.2626914672E-05
   30     -3.9662122076E-03  -1.7321381399E-02   1.5327259114E-02   3.9335735074E-03  -4.6912190766E-02
   31      1.5369365551E-03   3.5348386945E-03  -3.9850872426E-03  -9.6514020005E-04   1.4579151122E-02
   32      5.1991319334E-04   1.6955243372E-03  -1.6554698732E-03  -4.1443532890E-04   5.4980129557E-03
   33      2.0456169617E-05   1.4726885051E-03  -1.3179669904E-03  -3.3724606426E-04   4.0574367771E-03
   34      1.0960827616E-03   4.4045021092E-04  -4.2151313387E-04  -1.0604235950E-04   1.4303214482E-03
   35     -5.3242591745E-03   3.0347204528E-05  -3.4456901184E-05  -8.3321681280E-06  -1.5949797686E-04
   36      2.2010157340E-04   7.6197256961E-04  -7.2800878122E-04  -1.8322386638E-04   2.3776024238E-03
   37      1.4658046324E-04   4.9954119587E-04  -4.7996616406E-04  -1.2062951611E-04   1.5744468169E-03
   38      7.4167427720E-06   2.3883579488E-05  -2.3429072723E-05  -5.8586249263E-06   7.8087039241E-05
   39      2.8418321893E-04   9.8760871370E-04  -9.4229729966E-04  -2.3723587403E-04   3.0741263143E-03
   40      1.7086249188E-04   7.0224933727E-04  -6.3325931470E-04  -1.6172253706E-04   1.9711653171E-03
   41      1.2001759903E-05   6.1541639175E-05  -5.1994295411E-05  -1.3509196442E-05   1.5229666283E-04
   42      2.9444458603E-04   1.0925527638E-03  -1.0189374008E-03  -2.5799457650E-04   3.2636203748E-03
   43      1.7625003050E-04   6.4392831913E-04  -6.0373436060E-04  -1.5266175849E-04   1.9421593867E-03
   44      2.3509815119E-06   7.4311372969E-06  -7.3407813350E-06  -1.8325261512E-06   2.4594163700E-05
                   25                 26                 27                 28                 29        
    0      1.3675544013E-03   3.2059546779E-04  -5.9088233302E-03  -7.5396743115E-03  -7.9994248773E-04
    1     -1.2255901798E-03  -9.1790361274E-04   2.7580494211E-02   1.9387686412E-02   1.1892791218E-03
    2     -1.2479626888E-03   5.0296287406E-03   5.6615293380E-03   3.3584601810E-03   3.8389667824E-03
    3      2.4629204767E-03   2.4475253672E-05   2.7679448738E-02  -5.4885147633E-02  -5.0906790803E-03
    4      1.1759756168E-03  -2.4277660261E-05  -1.4900178942E-01  -6.8011266684E-02  -2.2590023049E-02
    5      5.5885314571E-05  -5.9813399785E-06  -2.2244788588E-02  -2.8367676960E-02   1.0303547643E-01
    6     -1.3299171076E-02   3.8833844533E-04  -1.7132802601E-01   2.2059404851E-01  -6.3729601056E-02
    7     -1.1054852668E-02  -1.2741282602E-03   1.2780886181E-01  -2.5818501356E-01   2.8245474790E-01
    8     -2.4553286347E-03   6.6953742263E-03  -8.0846118822E-02   2.7653699097E-01  -1.8021268558E+00
    9     -3.0820939766E-03  -2.1198513609E-04  -4.4820038392E-02   8.8086296329E-03   4.6183834296E-03
   10      4.2666276731E-02   2.7353743362E-03  -3.0332020941E-02   2.0226721487E-02   4.5906374953E-03
   11      5.8545337480E-03   1.1961186488E-02  -2.4007899819E-03   2.1887447511E-03   5.7677482860E-03
   12      6.4126256794E-02   2.6381785569E-02   4.2696126237E-02   2.0250107392E-02   1.2720263195E-03
   13     -2.9942523725E-01  -4.9483213700E-02   2.6151746954E-02   1.7484660734E-02   8.9055170495E-04
   14     -4.9912899943E-02  -5.6692630202E-02   2.4948976916E-03   1.2881562402E-03   3.8614244278E-03
   15      4.0320368864E-02   4.6719634084E-03   2.3105978538E-02   9.3968864258E-03   2.7320822681E-04
   16     -1.0860613913E-02  -2.1685104635E-03  -1.3541941610E-02  -1.1341699339E-02  -1.2398551869E-03
   17     -5.2669695205E-03   3.8950841611E-03  -3.5785563653E-03  -2.5324674490E-03  -2.4164906061E-04
   18     -9.2691336344E-04  -1.0048665889E-05  -1.0243205971E-02  -2.8301483059E-03   1.2605893719E-04
   19      7.7236238842E-04   8.2709098454E-06   8.0966549163E-03   2.1182804788E-03  -1.2162526064E-04
   20      2.0483359141E-04   2.2098340415E-06   2.2174139541E-03   6.0015541681E-04  -2.9603094153E-05
   21      8.7501387568E-04  -5.6539208002E-04   1.7717309415E-02   7.4530335978E-03  -6.1202323609E-05
   22     -1.0229645615E-03   1.6864869316E-03  -1.3466523929E-02  -5.4202756683E-03   7.8282177485E-04
   23      1.5144723819E-03  -9.3469174190E-03  -3.9213582128E-03  -5.3792301418E-04  -4.9849019085E-03
   24     -9.1647099979E-02  -3.0607539589E-02   3.5349964269E-02   1.2510206331E-02   7.2626914672E-05
   25      2.6852314494E-01   4.8514960957E-02   1.0448541763E-02   3.5309691658E-03  -9.3884526880E-06
   26      4.8514960957E-02   4.3080525508E-02  -1.7291740506E-05  -3.4813212316E-05  -5.3457058042E-06
   27      1.0448541763E-02  -1.7291740506E-05   1.4469392921E+00  -1.3074068723E-01   1.2548877691E-01
   28      3.5309691658E-03  -3.4813212316E-05  -1.3074068723E-01   4.3614547365E-01  -6.1513080937E-01
   29     -9.3884526880E-06  -5.3457058042E-06   1.2548877691E-01  -6.1513080937E-01   3.7507676530E+00
   30     -1.4790576669E-02  -1.3616591337E-04  -1.4200987568E+00  -1.0299784040E-01  -6.2130112474E-02
   31      4.8714478403E-03   8.9627722468E-05   1.0222419368E-01  -1.6837039722E-01   3.4908834460E-01
   32      1.7831793822E-03   2.4521056963E-05  -2.5187841268E-02   3.6172206297E-01  -2.0599030843E+00
   33      1.3415039248E-03  -2.7365250487E-04   8.5301136514E-03   8.0760724933E-04  -3.9168192798E-04
   34      2.9203362325E-04   8.4757619899E-04   8.9148484676E-03   3.5462974411E-03   9.0744073369E-05
   35      8.8410215644E-04  -4.6384284371E-03   1.8746549340E-03   8.9889730311E-04   4.7427549933E-05
   36      7.6685580235E-04   9.8682018821E-06   1.5142537260E-02   5.9896232364E-03   1.4783817396E-04
   37      5.0856055651E-04   6.6636428051E-06   1.0553780825E-02   4.2520819831E-03   1.1738737030E-04
   38      2.5355481387E-05   3.5332446099E-07   6.1664980406E-04   2.6149241208E-04   9.2732659057E-06
   39      9.9114876287E-04   1.2697304677E-05   1.9326212620E-02   7.6073006736E-03   1.8180438912E-04
   40      6.2527556931E-04   6.3758259791E-06   5.1823199794E-03   9.6401328575E-04  -1.5035644783E-04
   41      4.7226742296E-05   3.0614771156E-07  -3.6092801519E-04  -3.3880355167E-04  -3.9803488647E-05
   42      1.0456903993E-03   1.2351978381E-05   1.5911867592E-02   5.5760548395E-03   2.2496054376E-05
   43      6.2321213739E-04   7.5103848573E-06   1.0121520530E-02   3.6724678304E-03   3.7543732886E-05
   44      7.9994843814E-06   1.1361689507E-07   2.0375036717E-04   8.7533316520E-05   3.2735730146E-06
                   30                 31                 32                 33                 34        
    0     -2.2115075477E-02   1.5785260409E-02   4.2048898843E-03  -6.4450918997E-03   4.0282870533E-02
    1      1.6026437881E-02  -2.0644210555E-02  -4.7131934044E-03  -8.9973615098E-03   3.2604562813E-02
    2      4.1679997617E-03  -4.6847330104E-03  -1.1019269716E-03  -7.5600269151E-04   2.0493069787E-03
    3     -4.5614710916E-02   2.1286047732E-02   2.8816812821E-03   4.0724503484E-03   1.5265031332E-03
    4      1.8418856433E-02   4.4803331274E-02   1.8011941950E-02  -6.8853632140E-04   1.5588445248E-03
    5      2.5261489297E-03   1.7800057619E-02  -5.7656122908E-02  -1.0598258299E-04  -6.3825213383E-04
    6      1.3213306176E-01  -2.4488917979E-01   1.0225171428E-02  -1.4145349104E-02  -1.0421776665E-02
    7      1.2818387496E-01  -3.7152668640E-02  -1.9871610241E-01  -1.4659886888E-02  -8.2178441295E-03
    8      7.7869725676E-02  -1.7593250167E-01   9.7863014410E-01  -1.8016226704E-03  -8.5359309579E-04
    9     -7.9359966538E-02   6.2894452653E-02   1.6220253104E-02   7.5685229079E-03   3.7082953855E-03
   10      9.6296760603E-03   3.8609194103E-03   1.1184088286E-04  -7.5850242991E-04   9.0181310768E-05
   11      6.6344727267E-03  -3.1806315226E-03  -9.8003665849E-04  -3.7236742988E-04  -8.9295798378E-04
   12     -2.7886362867E-02   1.1598303072E-04   1.7206998762E-03   1.2588499625E-02  -4.6982333663E-02
   13      1.0130338036E-02  -1.6495801968E-02  -3.6030050841E-03  -4.4017941544E-03   1.4264682760E-02
   14      3.3425489623E-03  -2.9284359058E-03  -7.3374535908E-04  -1.1946046472E-03   4.4323781105E-03
   15     -2.3899515138E-02   5.4161921277E-03   2.4369728296E-03  -4.1286450853E-01  -2.6434338289E-02
   16     -1.8345950989E-02   1.6500002666E-02   4.1045171289E-03  -1.7741080145E-02  -3.1266060090E-01
   17     -2.2714093411E-03   2.7933514495E-03   6.4400935807E-04   1.9955317612E-02  -4.7851851634E-02
   18      1.8001335825E-02  -6.9049824184E-03  -2.3469252491E-03  -1.6066855457E-03  -5.1778101015E-04
   19     -1.4887699268E-02   5.8585478135E-03   1.9677527486E-03   1.3742882190E-03   3.0743162255E-04
   20     -3.9662122076E-03   1.5369365551E-03   5.1991319334E-04   2.0456169617E-05   1.0960827616E-03
   21     -1.7321381399E-02   3.5348386945E-03   1.6955243372E-03   1.4726885051E-03   4.4045021092E-04
   22      1.5327259114E-02  -3.9850872426E-03  -1.6554698732E-03  -1.3179669904E-03  -4.2151313387E-04
   23      3.9335735074E-03  -9.6514020005E-04  -4.1443532890E-04  -3.3724606426E-04  -1.0604235950E-04
   24     -4.6912190766E-02   1.4579151122E-02   5.4980129557E-03   4.0574367771E-03   1.4303214482E-03
   25     -1.4790576669E-02   4.8714478403E-03   1.7831793822E-03   1.3415039248E-03   2.9203362325E-04
   26     -1.3616591337E-04   8.9627722468E-05   2.4521056963E-05  -2.7365250487E-04   8.4757619899E-04
   27     -1.4200987568E+00   1.0222419368E-01  -2.5187841268E-02   8.5301136514E-03   8.9148484676E-03
   28     -1.0299784040E-01  -1.6837039722E-01   3.6172206297E-01   8.0760724933E-04   3.5462974411E-03
   29     -6.2130112474E-02   3.4908834460E-01  -2.0599030843E+00  -3.9168192798E-04   9.0744073369E-05
   30      1.6160642267E+00  -1.2640503391E-03  -2.7333705288E-02  -2.3581554257E-02  -9.6604731202E-03
   31     -1.2640503391E-03   1.5684803495E-01  -1.8429936175E-01   1.0974370788E-02   2.3569401739E-03
   32     -2.7333705288E-02  -1.8429936175E-01   1.1406865217E+00   3.4235584659E-03   1.0153965620E-03
   33     -2.3581554257E-02   1.0974370788E-02   3.4235584659E-03   1.1808446479E+00   1.6277348324E-01
   34     -9.6604731202E-03   2.3569401739E-03   1.0153965620E-03   1.6277348324E-01   1.6612664077E+00
   35     -1.1821088450E-03  -2.0867856584E-05   6.8274156130E-05  -3.8128363928E-02   2.7981876731E-01
   36     -1.6597731628E-02   4.1181875667E-03   1.7569963556E-03  -3.8438329282E-01  -3.0380584684E-01
   37     -1.1138024371E-02   2.6087497451E-03   1.1510297436E-03  -2.9137828206E-01  -9.2371300460E-01
   38     -5.7844182443E-04   1.0843334937E-04   5.4881920499E-05  -3.1147935621E-02  -1.4571923733E-01
   39     -2.1389591866E-02   5.3813398512E-03   2.2776820459E-03  -3.5765535965E-01   1.9244294744E-01
   40     -1.1701634269E-02   5.0710306001E-03   1.6310266839E-03   1.0248596442E-01  -5.1332048896E-01
   41     -6.9146661456E-04   5.6291085088E-04   1.4402606741E-04   3.8769773391E-02  -1.0042274968E-01
   42     -2.1421786654E-02   6.7481949003E-03   2.5270292375E-03  -1.8452517814E-02  -1.3697170260E-02
   43     -1.2930193056E-02   3.8691611535E-03   1.4883844582E-03   6.0186192655E-02   4.2046069704E-02
   44     -1.8484705596E-04   3.2009764859E-05   1.7060052054E-05   1.2340354429E-02   7.1344322345E-03
                   35                 36                 37                 38                 39        
    0      8.2619925138E-03   1.6695501407E-03   1.1667444560E-03  -1.0429624888E-04   2.1682372711E-03
    1      5.0004386314E-03  -1.7645294644E-03  -1.3195904901E-03   4.1640511872E-04  -2.3234127315E-03
    2      7.9777439102E-03  -5.8945197283E-04   1.9819101082E-04  -2.6897349692E-03  -4.1358615807E-04
    3      4.5035825070E-04   2.7096142843E-03   1.8120803713E-03   9.3020652012E-05   3.4948799611E-03
    4     -3.7901291600E-04   2.3767546751E-03   1.7162805452E-03   1.1033789798E-04   3.0047640561E-03
    5      4.4432240408E-03   2.5832414550E-04   1.9580413160E-04   1.4092706918E-05   3.2213910043E-04
    6     -1.9443225472E-03  -1.7757090807E-02  -1.2250875142E-02  -6.9475246410E-04  -2.2723130788E-02
    7     -1.3254699003E-03  -1.4048071127E-02  -9.5871574235E-03  -5.2587674777E-04  -1.8027075334E-02
    8     -1.2115685502E-04  -1.4628530982E-03  -9.9001924119E-04  -5.2876784432E-05  -1.8811786032E-03
    9      7.7623809055E-04   6.4197598565E-03   4.3553445813E-03   2.3445944750E-04   8.2504956322E-03
   10     -6.2164137419E-04  -5.8235209917E-05  -1.9886709504E-05   2.3210843542E-06  -8.4249165304E-05
   11      3.5903900576E-03  -4.0641267477E-04  -2.7217504488E-04  -1.4038837280E-05  -5.2401051655E-04
   12     -8.8896646282E-03   8.8733914548E-04   5.2736450404E-04   1.8870976544E-04   1.1371977450E-03
   13      1.7200021774E-03  -1.3805942645E-03  -8.4201339871E-04  -5.3830326746E-04  -1.7050925356E-03
   14      6.7568700691E-03  -1.2208644031E-04  -6.8441766221E-04   2.6660530329E-03  -4.9988238846E-04
   15      1.8287417083E-02   1.4205480491E-02  -4.6743307861E-03  -1.5701024952E-03  -8.0195160422E-03
   16     -4.8340322845E-02  -5.8831917097E-02   2.5862583018E-02   7.7601897391E-03   4.5460877521E-02
   17     -4.9775091046E-02  -1.1407768873E-02   4.4586374580E-03   4.6105771649E-03   8.4816548333E-03
   18     -3.8942361303E-04  -9.9453692963E-04  -6.6215325316E-04  -3.3472952072E-05  -1.2841764837E-03
   19      1.0194647015E-03   8.3179024555E-04   5.5416778393E-04   2.8079227655E-05   1.0738557373E-03
   20     -5.3242591745E-03   2.2010157340E-04   1.4658046324E-04   7.4167427720E-06   2.8418321893E-04
   21      3.0347204528E-05   7.6197256961E-04   4.9954119587E-04   2.3883579488E-05   9.8760871370E-04
   22     -3.4456901184E-05  -7.2800878122E-04  -4.7996616406E-04  -2.3429072723E-05  -9.4229729966E-04
   23     -8.3321681280E-06  -1.8322386638E-04  -1.2062951611E-04  -5.8586249263E-06  -2.3723587403E-04
   24     -1.5949797686E-04   2.3776024238E-03   1.5744468169E-03   7.8087039241E-05   3.0741263143E-03
   25      8.8410215644E-04   7.6685580235E-04   5.0856055651E-04   2.5355481387E-05   9.9114876287E-04
   26     -4.6384284371E-03   9.8682018821E-06   6.6636428051E-06   3.5332446099E-07   1.2697304677E-05
   27      1.8746549340E-03   1.5142537260E-02   1.0553780825E-02   6.1664980406E-04   1.9326212620E-02
   28      8.9889730311E-04   5.9896232364E-03   4.2520819831E-03   2.6149241208E-04   7.6073006736E-03
   29      4.7427549933E-05   1.4783817396E-04   1.1738737031E-04   9.2732659057E-06   1.8180438912E-04
   30     -1.1821088450E-03  -1.6597731628E-02  -1.1138024371E-02  -5.7844182443E-04  -2.1389591866E-02
   31     -2.0867856584E-05   4.1181875667E-03   2.6087497451E-03   1.0843334937E-04   5.3813398512E-03
   32      6.8274156130E-05   1.7569963556E-03   1.1510297436E-03   5.4881920499E-05   2.2776820459E-03
   33     -3.8128363928E-02  -3.8438329282E-01  -2.9137828206E-01  -3.1147935621E-02  -3.5765535965E-01
   34      2.7981876731E-01  -3.0380584684E-01  -9.2371300460E-01  -1.4571923733E-01   1.9244294744E-01
   35      1.1950226020E-01  -3.3272026323E-02  -1.4629859853E-01  -4.7263164888E-02   5.5164776639E-02
   36     -3.3272026323E-02   3.1307518443E-01   3.2296306677E-01   4.0612651706E-02   6.1420995724E-02
   37     -1.4629859853E-01   3.2296306677E-01   9.1670191717E-01   1.4461996004E-01  -2.4159191109E-02
   38     -4.7263164888E-02   4.0612651706E-02   1.4461996004E-01   3.8216762183E-02  -7.2723767207E-03
   39      5.5164776639E-02   6.1420995724E-02  -2.4159191109E-02  -7.2723767207E-03   7.4778074330E-01
   40     -9.5052262786E-02   4.2838968730E-02  -1.6408585912E-02  -7.9869323986E-03  -2.9462127666E-02
   41     -4.2797145811E-02   4.9054236024E-03  -3.9784621765E-03   1.2403786643E-02  -4.8449853620E-02
   42     -8.8037685449E-04   1.0626158688E-03   8.1048720204E-04  -4.4608366771E-04  -4.3656872245E-01
   43      2.7309608398E-03   7.3195576464E-04   1.6586390512E-04   1.4612044766E-03  -1.7925878820E-01
   44      7.5413884002E-03  -4.6738051095E-04   1.4500483220E-03  -7.9575228812E-03  -7.4468136503E-03
                   40                 41                 42                 43                 44        
    0      1.0289846620E-03   1.7664443394E-04   2.0808834470E-03   1.2684240200E-03   1.9549485435E-05
    1     -8.2089292840E-04  -3.9056680965E-04  -2.0681457216E-03  -1.2836473738E-03  -2.2383686781E-05
    2     -6.0326871574E-04   2.1104716499E-03  -4.9622548029E-04  -3.0674909370E-04  -5.2105879424E-06
    3      1.9974950498E-03   1.2862256909E-04   3.5547869264E-03   2.1374633097E-03   2.9619484152E-05
    4     -2.3625791126E-05  -2.0776875271E-04   1.9441270601E-03   1.3334349347E-03   3.7330136462E-05
    5     -1.3232023552E-04  -4.6007316079E-05   1.2552104051E-04   1.0536430972E-04   4.8866106497E-06
    6     -7.8297243491E-03   1.0683200811E-04  -1.9817939850E-02  -1.2403532195E-02  -2.2772909245E-04
    7     -7.6620528175E-03  -1.8047176676E-04  -1.6648827056E-02  -1.0260286301E-02  -1.7078121011E-04
    8     -9.1423976802E-04  -3.9803170295E-05  -1.8106127747E-03  -1.1039084821E-03  -1.7039996439E-05
    9      3.8633609432E-03   1.4781305348E-04   7.8475366332E-03   4.7991530741E-03   7.5731372400E-05
   10     -3.0982580578E-04  -5.0949468054E-05  -2.5284940930E-04  -1.2731955470E-04   1.0692153891E-06
   11     -2.9424329237E-04  -1.8324433307E-05  -5.2963628302E-04  -3.1896212550E-04  -4.4768528238E-06
   12      1.0770233465E-03  -1.5528752356E-05   1.4196832306E-03   8.1596341722E-04   6.9874023188E-06
   13     -6.7953404876E-04   3.8952858575E-04  -1.5170187721E-03  -9.4785233228E-04  -1.7225244918E-05
