
$orca_hessian_file

$act_atom
  13

$act_coord
  2

$act_energy
        0.000000

$hessian
42
                    0                  1                  2                  3                  4        
    0      1.1731834200E+00  -5.6297166097E-02  -1.1180385228E-01  -5.2593918495E-01   4.0236473289E-03
    1     -5.6297166097E-02   8.7006707803E-01   4.1544821564E-01   4.9123892829E-02  -1.9077966802E-01
    2     -1.1180385228E-01   4.1544821564E-01   3.3293123341E-01   6.7753274212E-02  -8.3386911798E-02
    3     -5.2593918495E-01   4.9123892829E-02   6.7753274212E-02   7.8538424095E-01   8.4252445453E-02
    4      4.0236473289E-03  -1.9077966802E-01  -8.3386911798E-02   8.4252445453E-02   5.6178249366E-01
    5      4.1435615439E-02  -8.8564090211E-02  -8.5760126767E-02  -9.8879129475E-03   2.6979819174E-01
    6     -1.6419237116E-02  -5.7462507451E-02  -4.2328695649E-02  -3.0957976530E-01   4.3948605445E-02
    7     -8.7419248934E-03   2.3339450902E-02   3.6218894451E-03  -1.3707206670E-01  -4.3024831997E-01
    8     -2.7506155470E-03   1.3703170593E-02   1.1452401712E-02  -5.9298374843E-02  -1.8489855965E-01
    9      6.5872701290E-03  -3.8337074717E-03   6.7425936537E-04   6.0926053737E-02  -3.9284473698E-02
   10     -1.7714086410E-03   8.4346649336E-04   4.8133542672E-03   1.6509744413E-02  -6.0297405611E-03
   11     -2.0457860089E-03   5.6194830966E-03  -6.3963239401E-03   5.5558121051E-03  -8.3397434125E-03
   12      5.0045781641E-02   1.7659082709E-02   7.6396742480E-03   5.5588448473E-03   8.2750983142E-03
   13     -2.3272059768E-02  -7.6720299841E-03  -8.6006121903E-03  -1.9866298464E-03   3.4240947106E-03
   14     -1.5755216444E-02  -9.3527858578E-03   4.1680099908E-03  -3.3807643284E-03   6.2884547606E-03
   15     -4.1272680757E-01   8.7253449439E-02   7.2866861093E-02   9.3357905803E-03   4.8260210224E-02
   16      8.8664993846E-02  -4.4616628646E-01  -2.1243337360E-01   2.7916961876E-03   1.9311099750E-02
   17      7.2711092609E-02  -2.1295330724E-01  -1.8096394317E-01   1.0542093953E-03  -8.7550860818E-04
   18     -2.7080895326E-01  -6.5013344716E-02  -1.6073331249E-02  -4.8611959685E-03  -4.3939643114E-02
   19     -6.1464162808E-02  -2.5456323615E-01  -1.1628924912E-01   2.8363699474E-03   2.4276498201E-02
   20     -1.1763700443E-02  -1.1946508058E-01  -9.0533235238E-02   6.2867705270E-03   1.9819406575E-02
   21      1.0255069984E-03  -1.5680633002E-03  -6.0020632136E-04   2.1454170304E-03   1.1471546152E-03
   22     -1.5264425731E-03   2.1514764263E-03   7.3945312466E-04  -3.2921427543E-03   3.6124416562E-04
   23     -3.8115267200E-04   5.2647120912E-04   1.7557412173E-04  -3.9159179744E-04  -2.8313692346E-03
   24      4.1190873088E-03  -5.7736755216E-03  -1.5011603444E-03   8.2125642026E-03   2.0236853575E-03
   25     -3.1116613950E-05   1.2384415895E-03  -2.4643931400E-03   2.1207942952E-04  -2.1061554388E-04
   26     -7.7487666899E-04  -9.5094075483E-04   4.9379390564E-03  -2.1036832524E-03  -7.5128895160E-04
   27      3.6473301001E-03  -1.6143767007E-03   3.4048095445E-04   3.8654905184E-03  -2.2162626591E-03
   28      4.3123754624E-02   2.0086637700E-02   4.2003900589E-03   2.7128971720E-03   1.5531131915E-03
   29      2.2849008385E-02   7.8389335083E-03   1.0238513478E-02   1.6161627968E-04  -2.2588825260E-03
   30     -1.5644485095E-04   1.8674794702E-04  -1.2868899152E-04  -2.6405510067E-04   3.2831569701E-04
   31      3.8654777933E-03  -6.0568049891E-03  -5.4618123661E-04   7.6353662879E-03   2.8529992880E-03
   32     -2.0378703592E-03   3.5745087953E-03  -8.9312137533E-04  -3.8377551405E-03  -1.0184528664E-03
   33      3.4218469823E-03  -4.8962361796E-03  -1.5452673233E-03   6.9036586324E-03   2.5250661730E-03
   34      1.4977381684E-04   3.2272144782E-04  -1.4643123384E-03   5.0712474985E-04   3.7808185664E-04
   35      2.9096443386E-03  -4.8799650641E-03   3.7971832812E-04   5.6345766162E-03   2.0558147426E-03
   36      4.3592494419E-03   2.3872802082E-02   2.3543038530E-02  -4.0864568138E-03  -1.4764388623E-01
   37     -2.4361071603E-03   1.3166764433E-02   7.2043554782E-03  -6.0424142394E-02  -4.5099050689E-04
   38     -1.9226687681E-03   3.8520956562E-03   5.8338372245E-03  -2.1413239709E-02  -5.6016864696E-02
   39     -2.0338864809E-02   1.8363102432E-02   1.1636137534E-03  -3.7601402375E-02   3.8300037099E-02
   40      1.5712741147E-02  -2.5978011418E-02  -1.0842624588E-02   3.6193365226E-02   1.3779709790E-02
   41      9.3303784179E-03  -1.4396708785E-02  -5.5704768269E-03   1.3867062883E-02   4.2415713924E-02
                    5                  6                  7                  8                  9        
    0      4.1435615439E-02  -1.6419237116E-02  -8.7419248934E-03  -2.7506155470E-03   6.5872701290E-03
    1     -8.8564090211E-02  -5.7462507451E-02   2.3339450902E-02   1.3703170593E-02  -3.8337074717E-03
    2     -8.5760126767E-02  -4.2328695649E-02   3.6218894451E-03   1.1452401712E-02   6.7425936537E-04
    3     -9.8879129475E-03  -3.0957976530E-01  -1.3707206670E-01  -5.9298374843E-02   6.0926053737E-02
    4      2.6979819174E-01   4.3948605445E-02  -4.3024831997E-01  -1.8489855965E-01  -3.9284473698E-02
    5      2.0673966239E-01   3.4491503279E-02  -1.7589415463E-01  -1.9732157658E-01  -2.3076086015E-02
    6      3.4491503279E-02   8.7072019558E-01  -5.7724547201E-03   5.0614411837E-03  -3.7370234503E-01
    7     -1.7589415463E-01  -5.7724547201E-03   1.2446702763E+00   1.5527747774E-01   3.3296378826E-02
    8     -1.9732157658E-01   5.0614411837E-03   1.5527747774E-01   1.0408741695E+00   4.3824146197E-02
    9     -2.3076086015E-02  -3.7370234503E-01   3.3296378826E-02   4.3824146197E-02   1.2613571741E+00
   10     -1.3078995421E-02   8.0040107934E-02  -3.9984353493E-01  -1.9757808472E-01  -1.7729830549E-02
   11      9.1753531014E-03   6.8273222221E-02  -1.9362937599E-01  -1.6526170924E-01  -9.1902963768E-02
   12      3.8558966739E-03  -4.6962462603E-02  -1.9764445004E-02  -6.2534306739E-03  -6.3916446808E-01
   13      7.0020872995E-03   4.3791952266E-02   2.5686790221E-02   6.9327739563E-03  -1.5938599489E-02
   14     -6.6200095782E-03   3.4312666114E-02   1.4865082029E-02   1.2789246619E-02   3.0760549697E-02
   15      2.6557235942E-02  -2.8427079604E-02  -1.4654656551E-02  -6.1071206302E-03   8.2285004585E-03
   16      3.4370641616E-03   1.2785966549E-02  -1.4950819086E-03   2.8523699014E-03   6.3246728102E-04
   17      1.2346967697E-02   1.2999697814E-02   7.2019415481E-03  -5.5370341797E-03  -1.1204197487E-03
   18     -2.3544803957E-02   1.6725165402E-03   1.5784475039E-03   1.0078117006E-03  -1.1444672693E-03
   19      1.4598164108E-02   7.0694478721E-04   4.3233078355E-04  -1.9898429571E-03   4.0961382544E-04
   20      7.4704641733E-03  -2.5069035830E-02  -1.5794425072E-02  -2.2829182408E-03   8.6627818167E-03
   21      1.1076545897E-03   3.4386672253E-02   1.3488555095E-02   5.5911866809E-03  -2.6514448052E-01
   22     -3.3276067156E-03  -8.5689003601E-03  -9.8464182536E-04  -2.0743988582E-03  -6.2969830099E-02
   23      4.6008653692E-03  -1.3274392887E-02  -6.4876552480E-03   3.2893576919E-04  -1.7548412328E-02
   24      1.3980354129E-03  -4.3444245994E-02  -2.4061358655E-02  -8.7435339969E-03   1.5626058153E-02
   25     -9.8847569387E-05  -6.1217080334E-04   1.1794547675E-03  -3.1911605176E-03   4.7545227609E-04
   26     -4.7768177055E-04   1.2163165170E-02   3.2729143384E-03   7.7119489434E-03  -2.9208549448E-03
   27     -6.3211943395E-04  -1.2017915599E-02  -9.4889446245E-03  -4.0101247237E-03   6.1717893843E-03
   28     -1.6369769495E-03  -1.4568490612E-02  -8.2108599492E-03  -3.1717335077E-03   4.9494442114E-03
   29      3.5809126477E-03   1.3462514151E-03   5.1332266987E-04   1.6713694981E-04  -7.7604035323E-05
   30      1.5699746223E-04   3.1301499543E-04   5.4871389156E-04   2.5921507383E-04  -3.7992172663E-04
   31      1.7985324383E-03  -4.3095650068E-02  -2.2710242951E-02  -8.5722565045E-03   1.3838266961E-02
   32     -6.9066795271E-04   2.0515277030E-02   1.1184482780E-02   4.2724198226E-03  -6.8595043389E-03
   33      1.5981848406E-03  -3.8815382599E-02  -2.0503664924E-02  -7.7460096749E-03   1.2499529115E-02
   34      2.1627067402E-04  -3.3823485312E-03  -1.6129033217E-03  -5.8579967570E-04   9.6268019764E-04
   35      1.3017893012E-03  -3.1666055744E-02  -1.6731715260E-02  -6.3216377800E-03   1.0200599947E-02
   36     -6.6031821867E-02  -1.1622173200E-01   1.3559539782E-01  -6.6131435047E-02  -3.6022234297E-02
   37     -5.8225833543E-02   2.2129363489E-01  -6.1839015064E-01   6.4434289688E-01   2.0942947139E-02
   38      8.8294577799E-02  -2.0253608653E-02   6.6062224906E-01  -1.4600943505E+00   1.3074512039E-02
   39      1.2571620583E-02   7.8497766428E-02   5.5552022942E-02   1.0529684430E-01  -5.5838458228E-02
   40      4.3976194622E-02  -2.6910468932E-01   1.8818743259E-01  -4.2104685268E-01   6.4249190590E-02
   41     -4.2640529826E-02  -5.6571435468E-02  -4.4802203342E-01   7.5922296733E-01   3.6308996117E-02
                   10                 11                 12                 13                 14        
    0     -1.7714086410E-03  -2.0457860089E-03   5.0045781641E-02  -2.3272059768E-02  -1.5755216444E-02
    1      8.4346649336E-04   5.6194830966E-03   1.7659082709E-02  -7.6720299841E-03  -9.3527858578E-03
    2      4.8133542672E-03  -6.3963239401E-03   7.6396742480E-03  -8.6006121903E-03   4.1680099908E-03
    3      1.6509744413E-02   5.5558121051E-03   5.5588448473E-03  -1.9866298464E-03  -3.3807643284E-03
    4     -6.0297405611E-03  -8.3397434125E-03   8.2750983142E-03   3.4240947106E-03   6.2884547606E-03
    5     -1.3078995421E-02   9.1753531014E-03   3.8558966739E-03   7.0020872995E-03  -6.6200095782E-03
    6      8.0040107934E-02   6.8273222221E-02  -4.6962462603E-02   4.3791952266E-02   3.4312666114E-02
    7     -3.9984353493E-01  -1.9362937599E-01  -1.9764445004E-02   2.5686790221E-02   1.4865082029E-02
    8     -1.9757808472E-01  -1.6526170924E-01  -6.2534306739E-03   6.9327739563E-03   1.2789246619E-02
    9     -1.7729830549E-02  -9.1902963768E-02  -6.3916446808E-01  -1.5938599489E-02   3.0760549697E-02
   10      8.9525631392E-01   4.2586528337E-01  -1.6159203351E-02  -2.8711418692E-01  -1.2261403770E-01
   11      4.2586528337E-01   3.7166357992E-01   3.2377977584E-02  -1.2304646721E-01  -1.3369881436E-01
   12     -1.6159203351E-02   3.2377977584E-02   1.2682128840E+00   8.2450800248E-02  -3.5755087583E-02
   13     -2.8711418692E-01  -1.2304646721E-01   8.2450800248E-02   9.0434527051E-01   4.1762704181E-01
   14     -1.2261403770E-01  -1.3369881436E-01  -3.5755087583E-02   4.1762704181E-01   3.7522788788E-01
   15     -4.9408847225E-02  -2.7456649886E-02  -3.9440164722E-01  -9.5193495397E-02  -3.0405045899E-02
   16      2.1679982223E-02   7.9377481855E-03  -9.4293101531E-02  -4.1600476210E-01  -1.8830641657E-01
   17      1.1752758728E-02   1.3977175846E-02  -2.9218385867E-02  -1.8696007163E-01  -1.6584342083E-01
   18      3.9162788219E-04   2.9312475119E-04  -4.9241792942E-04   1.6041390726E-05   6.7632365530E-04
   19     -2.7329678415E-04  -1.7608850005E-04   2.8041893721E-04   1.4580384868E-03  -2.9264137978E-03
   20     -1.7726248745E-03  -1.5816017251E-03   1.8715014466E-03  -4.8222116818E-03   3.5196482195E-03
   21     -5.4820271837E-02  -1.4949546963E-02  -4.9488980838E-04  -4.9882759353E-02  -2.7066494209E-02
   22     -2.6107763418E-01  -1.1465915697E-01  -6.8938463585E-04   3.0046077591E-02   1.0696995758E-02
   23     -1.1567934129E-01  -1.0971708327E-01   7.3907130507E-04   1.3466814726E-02   1.8924246809E-02
   24      4.6547162250E-02   2.5685915343E-02  -2.6595780282E-01   3.9244063682E-02   3.6992023544E-02
   25      3.0688817082E-02   1.0345173796E-02   4.4063690423E-02  -2.6144203167E-01  -1.2193260787E-01
   26      7.5742880016E-03   1.6450261566E-02   4.0025475988E-02  -1.2096927899E-01  -1.1775916498E-01
   27     -1.9317337746E-03  -1.2120323627E-03   6.9717111870E-04  -8.2136373667E-04  -5.3528173475E-04
   28     -1.5845065362E-04  -2.5640113268E-03  -3.8983595112E-02   1.8232528769E-02   9.0064817454E-03
   29     -1.6161112102E-03   2.9716675153E-03  -2.1457330927E-02   7.2046445238E-03   1.1912769090E-02
   30      1.5195981767E-04   1.0904407677E-04  -2.0632053475E-04   8.9315324622E-06   2.1694284270E-04
   31     -2.5841604037E-03  -2.3941888104E-03   1.9135476299E-03  -2.5117337905E-03  -3.8649949436E-03
   32      1.3597886670E-03   1.2289308966E-03  -1.0286519832E-03   6.4604990380E-04   3.0016421251E-03
   33     -2.3445097851E-03  -2.1681019937E-03   1.8207504791E-03  -2.8260691862E-03  -2.4831371849E-03
   34     -1.4398868602E-04  -1.4742466361E-04   1.5774782824E-04  -9.2068693304E-04   1.0815954229E-03
   35     -1.9142684482E-03  -1.7698572592E-03   1.3763934295E-03  -1.4403270456E-03  -3.5930552247E-03
   36     -1.9330717123E-02  -7.2616876358E-03   4.8029030328E-02   1.2981733250E-02  -1.0955849872E-03
   37      1.7434321567E-02   4.5296536881E-03   1.2343023221E-02   7.8709141223E-03   5.2464218646E-04
   38      8.6225166521E-03   8.6811798930E-03   2.6363549240E-03   1.5297116964E-03   4.5014592186E-03
   39      1.9855919987E-02   1.4701672539E-02  -2.6684453378E-02   1.1427454409E-02   1.3518106520E-02
   40     -8.6779081780E-03  -9.3408852564E-03   2.7463203219E-03  -1.5398282999E-02  -1.1093036970E-02
   41     -5.7345260171E-03  -5.7227589371E-03   3.1905414345E-03  -8.5701551688E-03  -6.5304449794E-03
                   15                 16                 17                 18                 19        
    0     -4.1272680757E-01   8.8664993846E-02   7.2711092609E-02  -2.7080895326E-01  -6.1464162808E-02
    1      8.7253449439E-02  -4.4616628646E-01  -2.1295330724E-01  -6.5013344716E-02  -2.5456323615E-01
    2      7.2866861093E-02  -2.1243337360E-01  -1.8096394317E-01  -1.6073331249E-02  -1.1628924912E-01
    3      9.3357905803E-03   2.7916961876E-03   1.0542093953E-03  -4.8611959685E-03   2.8363699474E-03
    4      4.8260210224E-02   1.9311099750E-02  -8.7550860818E-04  -4.3939643114E-02   2.4276498201E-02
    5      2.6557235942E-02   3.4370641616E-03   1.2346967697E-02  -2.3544803957E-02   1.4598164108E-02
    6     -2.8427079604E-02   1.2785966549E-02   1.2999697814E-02   1.6725165402E-03   7.0694478721E-04
    7     -1.4654656551E-02  -1.4950819086E-03   7.2019415481E-03   1.5784475039E-03   4.3233078355E-04
    8     -6.1071206302E-03   2.8523699014E-03  -5.5370341797E-03   1.0078117006E-03  -1.9898429571E-03
    9      8.2285004585E-03   6.3246728102E-04  -1.1204197487E-03  -1.1444672693E-03   4.0961382544E-04
   10     -4.9408847225E-02   2.1679982223E-02   1.1752758728E-02   3.9162788219E-04  -2.7329678415E-04
   11     -2.7456649886E-02   7.9377481855E-03   1.3977175846E-02   2.9312475119E-04  -1.7608850005E-04
   12     -3.9440164722E-01  -9.4293101531E-02  -2.9218385867E-02  -4.9241792942E-04   2.8041893721E-04
   13     -9.5193495397E-02  -4.1600476210E-01  -1.8696007163E-01   1.6041390726E-05   1.4580384868E-03
   14     -3.0405045899E-02  -1.8830641657E-01  -1.6584342083E-01   6.7632365530E-04  -2.9264137978E-03
   15      1.0979993534E+00   1.4382510312E-02  -5.8464639011E-02   4.7063534708E-02  -2.7453400071E-02
   16      1.4382510312E-02   1.0265277506E+00   5.0169777721E-01   2.2919864803E-02  -1.2463447029E-02
   17     -5.8464639011E-02   5.0169777721E-01   4.1695686052E-01   9.0520769369E-03  -7.1113800551E-03
   18      4.7063534708E-02   2.2919864803E-02   9.0520769369E-03   2.2702767839E-01   8.7070552680E-02
   19     -2.7453400071E-02  -1.2463447029E-02  -7.1113800551E-03   8.7070552680E-02   2.4065761184E-01
   20     -1.5901256973E-02  -9.4047238884E-03   6.1668860173E-04   3.0191023146E-02   1.1060785378E-01
   21      8.1572097645E-04   5.5247527130E-04   6.4767918532E-04  -1.9990361595E-04   1.4646870024E-04
   22     -1.5127516929E-03   6.7568734875E-04  -3.3187004564E-03   2.9309848245E-04  -2.0172395214E-04
   23      6.3989835707E-05  -3.2735829785E-03   5.4134448553E-03   7.2924379305E-05  -4.9410886515E-05
   24      5.1136276981E-02  -1.8857364832E-02  -1.4509039633E-02  -7.8263779968E-04   5.2531121847E-04
   25      2.6696824466E-02  -1.1024963033E-02  -1.0267069948E-02  -2.0878489090E-05   1.0013479507E-05
   26      1.0709284773E-02  -7.4224769965E-03  -9.1540583945E-04   1.9988429250E-04  -1.3770789619E-04
   27     -3.8148781632E-01  -7.8361932025E-03   1.8589706240E-02  -3.9996983151E-04   3.8378699005E-04
   28     -8.4051513871E-03  -2.2835207763E-01  -1.2570050100E-01  -7.7679992558E-05  -1.1748672679E-03
   29      1.8931736930E-02  -1.2603517788E-01  -1.2075088484E-01  -3.5239969454E-04   2.5015473066E-03
   30     -2.4955932223E-03  -4.4632863335E-02  -3.2828018598E-02   2.6163197179E-05  -1.1574611246E-05
   31      4.0981416243E-03   2.2620362642E-02   1.3835484863E-02  -7.2516403964E-04   5.0151891282E-04
   32     -6.4556888928E-04   1.5237259726E-02   1.4210544918E-02   3.6554402810E-04  -2.4646286902E-04
   33      5.3201557301E-03   4.8380865950E-02   3.5301720762E-02  -6.5580909432E-04   4.5272089057E-04
   34      1.1084154638E-03   1.9754157971E-02   1.3300356452E-02  -4.7684738235E-05   3.5858123508E-05
   35      3.0098099159E-03   1.1804262121E-02   9.8516876528E-03  -5.3526626839E-04   3.6942978613E-04
   36      2.3734773333E-02  -1.9785267494E-02  -1.6493069204E-02  -9.8522595418E-05  -2.1147655115E-03
   37      4.0651789169E-03  -8.3393532109E-03  -5.6015698844E-03   6.6529591099E-04  -1.1137074025E-03
   38     -2.3546864816E-04  -3.2005521591E-03  -1.7415992765E-03   4.6904393111E-04  -4.9465660981E-04
   39     -2.4095162248E-02  -5.7060498058E-03   2.2773891202E-03   3.6539845216E-03  -1.7682849748E-03
   40      1.0763571879E-02   1.3276930929E-02   4.9997900116E-03  -3.1105335646E-03   2.4184087648E-03
   41      7.0768314470E-03   7.1098227613E-03   2.3789180614E-03  -1.8219556521E-03   1.3442177133E-03
                   20                 21                 22                 23                 24        
    0     -1.1763700443E-02   1.0255069984E-03  -1.5264425731E-03  -3.8115267200E-04   4.1190873088E-03
    1     -1.1946508058E-01  -1.5680633002E-03   2.1514764263E-03   5.2647120912E-04  -5.7736755216E-03
    2     -9.0533235238E-02  -6.0020632136E-04   7.3945312466E-04   1.7557412173E-04  -1.5011603444E-03
    3      6.2867705270E-03   2.1454170304E-03  -3.2921427543E-03  -3.9159179744E-04   8.2125642026E-03
    4      1.9819406575E-02   1.1471546152E-03   3.6124416562E-04  -2.8313692346E-03   2.0236853575E-03
    5      7.4704641733E-03   1.1076545897E-03  -3.3276067156E-03   4.6008653692E-03   1.3980354129E-03
    6     -2.5069035830E-02   3.4386672253E-02  -8.5689003601E-03  -1.3274392887E-02  -4.3444245994E-02
    7     -1.5794425072E-02   1.3488555095E-02  -9.8464182536E-04  -6.4876552480E-03  -2.4061358655E-02
    8     -2.2829182408E-03   5.5911866809E-03  -2.0743988582E-03   3.2893576919E-04  -8.7435339969E-03
    9      8.6627818167E-03  -2.6514448052E-01  -6.2969830099E-02  -1.7548412328E-02   1.5626058153E-02
   10     -1.7726248745E-03  -5.4820271837E-02  -2.6107763418E-01  -1.1567934129E-01   4.6547162250E-02
   11     -1.5816017251E-03  -1.4949546963E-02  -1.1465915697E-01  -1.0971708327E-01   2.5685915343E-02
   12      1.8715014466E-03  -4.9488980838E-04  -6.8938463585E-04   7.3907130507E-04  -2.6595780282E-01
   13     -4.8222116818E-03  -4.9882759353E-02   3.0046077591E-02   1.3466814726E-02   3.9244063682E-02
   14      3.5196482195E-03  -2.7066494209E-02   1.0696995758E-02   1.8924246809E-02   3.6992023544E-02
   15     -1.5901256973E-02   8.1572097645E-04  -1.5127516929E-03   6.3989835707E-05   5.1136276981E-02
   16     -9.4047238884E-03   5.5247527130E-04   6.7568734875E-04  -3.2735829785E-03  -1.8857364832E-02
   17      6.1668860173E-04   6.4767918532E-04  -3.3187004564E-03   5.4134448553E-03  -1.4509039633E-02
   18      3.0191023146E-02  -1.9990361595E-04   2.9309848245E-04   7.2924379305E-05  -7.8263779968E-04
   19      1.1060785378E-01   1.4646870024E-04  -2.0172395214E-04  -4.9410886515E-05   5.2531121847E-04
   20      8.1075649334E-02   8.4246445675E-04  -1.3518433019E-03  -3.4331907463E-04   3.7291010549E-03
   21      8.4246445675E-04   2.2244129057E-01   8.2499825098E-02   3.2608590214E-02   1.3496187759E-03
   22     -1.3518433019E-03   8.2499825098E-02   2.4466543853E-01   1.1108130752E-01  -1.9405022782E-03
   23     -3.4331907463E-04   3.2608590214E-02   1.1108130752E-01   9.3037684231E-02  -1.1053015427E-03
   24      3.7291010549E-03   1.3496187759E-03  -1.9405022782E-03  -1.1053015427E-03   2.2614226229E-01
   25      1.3529004936E-04   3.5690465469E-04  -2.3893187760E-03   4.1196945318E-03  -7.0484948149E-02
   26     -9.2067851143E-04  -8.7154555642E-04   4.6900199403E-03  -7.3027074294E-03  -5.4431116632E-02
   27      1.8602319041E-03   9.1169652540E-04  -1.3651939284E-03  -3.4136926324E-04   3.6543335280E-03
   28      3.8690054559E-03   5.0513296310E-04  -8.0667740014E-04  -2.0465508700E-04   2.3784441853E-03
   29     -4.7185791563E-03  -1.9415389999E-06   1.1302301052E-05   3.3176870636E-06  -3.2253884637E-04
   30     -1.7824816913E-04  -7.8715556935E-05   1.1326426576E-04   2.8052252609E-05  -3.0024144575E-04
   31      3.3229082968E-03   1.2065001350E-03  -1.9794877730E-03  -5.0509483074E-04   5.5011665751E-03
   32     -1.7318249420E-03  -6.4242208242E-04   1.0385549759E-03   2.6417624106E-04  -2.8720929262E-03
   33      3.0125569652E-03   1.0956033780E-03  -1.7955127091E-03  -4.5804255426E-04   4.9880286023E-03
   34      1.9272784793E-04   6.3794773081E-05  -1.1168259015E-04  -2.8872306376E-05   3.1679306852E-04
   35      2.4595190102E-03   8.9464105445E-04  -1.4659807346E-03  -3.7396755889E-04   4.0723993272E-03
   36      1.9991688550E-02   1.1920936834E-02  -1.4090087760E-02  -3.7013868505E-03   3.4819986176E-02
   37      2.8020532986E-03   2.5710620550E-03  -3.5728039456E-03   1.6294589658E-03   5.1548257283E-03
   38     -6.2513428119E-04  -1.3713029351E-04   2.3732584572E-03  -3.8690147446E-03  -9.0051620996E-04
   39     -2.3535878452E-02  -1.0174473842E-02   1.4844560946E-02   3.6890219090E-03  -3.9563287965E-02
   40      1.1861664096E-02   3.7332211306E-03  -6.7759536305E-03  -1.7637650860E-03   1.9426397370E-02
   41      7.5953218303E-03   2.5770707829E-03  -4.4332050348E-03  -1.1421529978E-03   1.2507825449E-02
                   25                 26                 27                 28                 29        
    0     -3.1116613950E-05  -7.7487666899E-04   3.6473301001E-03   4.3123754624E-02   2.2849008385E-02
    1      1.2384415895E-03  -9.5094075483E-04  -1.6143767007E-03   2.0086637700E-02   7.8389335083E-03
    2     -2.4643931400E-03   4.9379390564E-03   3.4048095445E-04   4.2003900589E-03   1.0238513478E-02
    3      2.1207942952E-04  -2.1036832524E-03   3.8654905184E-03   2.7128971720E-03   1.6161627968E-04
    4     -2.1061554388E-04  -7.5128895160E-04  -2.2162626591E-03   1.5531131915E-03  -2.2588825260E-03
    5     -9.8847569387E-05  -4.7768177055E-04  -6.3211943395E-04  -1.6369769495E-03   3.5809126477E-03
    6     -6.1217080334E-04   1.2163165170E-02  -1.2017915599E-02  -1.4568490612E-02   1.3462514151E-03
    7      1.1794547675E-03   3.2729143384E-03  -9.4889446245E-03  -8.2108599492E-03   5.1332266987E-04
    8     -3.1911605176E-03   7.7119489434E-03  -4.0101247237E-03  -3.1717335077E-03   1.6713694981E-04
    9      4.7545227609E-04  -2.9208549448E-03   6.1717893843E-03   4.9494442114E-03  -7.7604035323E-05
   10      3.0688817082E-02   7.5742880016E-03  -1.9317337746E-03  -1.5845065362E-04  -1.6161112102E-03
   11      1.0345173796E-02   1.6450261566E-02  -1.2120323627E-03  -2.5640113268E-03   2.9716675153E-03
   12      4.4063690423E-02   4.0025475988E-02   6.9717111870E-04  -3.8983595112E-02  -2.1457330927E-02
   13     -2.6144203167E-01  -1.2096927899E-01  -8.2136373667E-04   1.8232528769E-02   7.2046445238E-03
   14     -1.2193260787E-01  -1.1775916498E-01  -5.3528173475E-04   9.0064817454E-03   1.1912769090E-02
   15      2.6696824466E-02   1.0709284773E-02  -3.8148781632E-01  -8.4051513871E-03   1.8931736930E-02
   16     -1.1024963033E-02  -7.4224769965E-03  -7.8361932025E-03  -2.2835207763E-01  -1.2603517788E-01
   17     -1.0267069948E-02  -9.1540583945E-04   1.8589706240E-02  -1.2570050100E-01  -1.2075088484E-01
   18     -2.0878489090E-05   1.9988429250E-04  -3.9996983151E-04  -7.7679992558E-05  -3.5239969454E-04
   19      1.0013479507E-05  -1.3770789619E-04   3.8378699005E-04  -1.1748672679E-03   2.5015473066E-03
   20      1.3529004936E-04  -9.2067851143E-04   1.8602319041E-03   3.8690054559E-03  -4.7185791563E-03
   21      3.5690465469E-04  -8.7154555642E-04   9.1169652540E-04   5.0513296310E-04  -1.9415389999E-06
   22     -2.3893187760E-03   4.6900199403E-03  -1.3651939284E-03  -8.0667740014E-04   1.1302301052E-05
   23      4.1196945318E-03  -7.3027074294E-03  -3.4136926324E-04  -2.0465508700E-04   3.3176870636E-06
   24     -7.0484948149E-02  -5.4431116632E-02   3.6543335280E-03   2.3784441853E-03  -3.2253884637E-04
   25      2.4211922419E-01   1.2079980206E-01   2.5733157301E-04  -1.0908387707E-03   2.1136734072E-03
   26      1.2079980206E-01   1.0526811619E-01  -1.2021342094E-03   1.5603455807E-03  -3.8091025507E-03
   27      2.5733157301E-04  -1.2021342094E-03   1.1827408928E+00   6.7762819628E-02  -3.6084632497E-02
   28     -1.0908387707E-03   1.5603455807E-03   6.7762819628E-02   1.1733270638E+00   8.3099394159E-01
   29      2.1136734072E-03  -3.8091025507E-03  -3.6084632497E-02   8.3099394159E-01   6.5692540560E-01
   30     -7.3499053261E-06   7.7265601242E-05  -4.2576333698E-01  -2.5795407581E-01  -1.6114075741E-01
   31      2.1139386955E-04  -1.3477165411E-03  -2.4063657891E-01  -4.9497465943E-01  -3.4696432524E-01
   32     -1.0629083737E-04   7.0723746908E-04  -1.5227358616E-01  -3.4660045761E-01  -2.5460064052E-01
   33      1.9114071487E-04  -1.2224780016E-03  -3.6859657216E-01   2.0106155348E-01   1.7694349019E-01
   34      1.4022999623E-05  -7.5971557120E-05   1.8529090506E-01  -4.8707834570E-01  -3.7396310177E-01
   35      1.5600426952E-04  -9.9811735904E-04   1.6902103683E-01  -3.7388894431E-01  -3.0181540169E-01
   36     -6.4015478244E-05  -9.7727050663E-03   5.2275755843E-03   1.1336540006E-02  -1.4203303401E-03
   37     -2.2170810292E-04  -1.6348141670E-03  -1.6659221128E-03   1.4938734964E-03  -3.9998471223E-04
   38     -1.4396534211E-04   1.2371855481E-04  -1.8092639798E-03  -4.1971938395E-04  -9.3439636014E-05
   39     -1.0329440987E-03   1.0124318508E-02  -1.8650668603E-02  -1.3841593354E-02   6.2543209639E-04
   40      9.1810792531E-04  -4.6071740708E-03   1.3881726400E-02   7.1535597965E-03   6.0218024132E-05
   41      5.3469711183E-04  -3.0163633421E-03   8.2890884406E-03   4.5568347329E-03  -1.1674571928E-05
                   30                 31                 32                 33                 34        
    0     -1.5644485095E-04   3.8654777933E-03  -2.0378703592E-03   3.4218469823E-03   1.4977381684E-04
    1      1.8674794702E-04  -6.0568049891E-03   3.5745087953E-03  -4.8962361796E-03   3.2272144782E-04
    2     -1.2868899152E-04  -5.4618123661E-04  -8.9312137533E-04  -1.5452673233E-03  -1.4643123384E-03
    3     -2.6405510067E-04   7.6353662879E-03  -3.8377551405E-03   6.9036586324E-03   5.0712474985E-04
    4      3.2831569701E-04   2.8529992880E-03  -1.0184528664E-03   2.5250661730E-03   3.7808185664E-04
    5      1.5699746223E-04   1.7985324383E-03  -6.9066795271E-04   1.5981848406E-03   2.1627067402E-04
    6      3.1301499543E-04  -4.3095650068E-02   2.0515277030E-02  -3.8815382599E-02  -3.3823485312E-03
    7      5.4871389156E-04  -2.2710242951E-02   1.1184482780E-02  -2.0503664924E-02  -1.6129033217E-03
    8      2.5921507383E-04  -8.5722565045E-03   4.2724198226E-03  -7.7460096749E-03  -5.8579967570E-04
    9     -3.7992172663E-04   1.3838266961E-02  -6.8595043389E-03   1.2499529115E-02   9.6268019764E-04
   10      1.5195981767E-04  -2.5841604037E-03   1.3597886670E-03  -2.3445097851E-03  -1.4398868602E-04
   11      1.0904407677E-04  -2.3941888104E-03   1.2289308966E-03  -2.1681019937E-03  -1.4742466361E-04
   12     -2.0632053475E-04   1.9135476299E-03  -1.0286519832E-03   1.8207504791E-03   1.5774782824E-04
   13      8.9315324622E-06  -2.5117337905E-03   6.4604990380E-04  -2.8260691862E-03  -9.2068693304E-04
   14      2.1694284270E-04  -3.8649949436E-03   3.0016421251E-03  -2.4831371849E-03   1.0815954229E-03
   15     -2.4955932223E-03   4.0981416243E-03  -6.4556888928E-04   5.3201557301E-03   1.1084154638E-03
   16     -4.4632863335E-02   2.2620362642E-02   1.5237259726E-02   4.8380865950E-02   1.9754157971E-02
   17     -3.2828018598E-02   1.3835484863E-02   1.4210544918E-02   3.5301720762E-02   1.3300356452E-02
   18      2.6163197179E-05  -7.2516403964E-04   3.6554402810E-04  -6.5580909432E-04  -4.7684738235E-05
   19     -1.1574611246E-05   5.0151891282E-04  -2.4646286902E-04   4.5272089057E-04   3.5858123508E-05
   20     -1.7824816913E-04   3.3229082968E-03  -1.7318249420E-03   3.0125569652E-03   1.9272784793E-04
   21     -7.8715556935E-05   1.2065001350E-03  -6.4242208242E-04   1.0956033780E-03   6.3794773081E-05
   22      1.1326426576E-04  -1.9794877730E-03   1.0385549759E-03  -1.7955127091E-03  -1.1168259015E-04
   23      2.8052252609E-05  -5.0509483074E-04   2.6417624106E-04  -4.5804255426E-04  -2.8872306376E-05
   24     -3.0024144575E-04   5.5011665751E-03  -2.8720929262E-03   4.9880286023E-03   3.1679306852E-04
   25     -7.3499053261E-06   2.1139386955E-04  -1.0629083737E-04   1.9114071487E-04   1.4022999623E-05
   26      7.7265601242E-05  -1.3477165411E-03   7.0723746908E-04  -1.2224780016E-03  -7.5971557120E-05
   27     -4.2576333698E-01  -2.4063657891E-01  -1.5227358616E-01  -3.6859657216E-01   1.8529090506E-01
   28     -2.5795407581E-01  -4.9497465943E-01  -3.4660045761E-01   2.0106155348E-01  -4.8707834570E-01
   29     -1.6114075741E-01  -3.4696432524E-01  -2.5460064052E-01   1.7694349019E-01  -3.7396310177E-01
   30      3.5741088592E-01   2.7308082654E-01   1.7786971818E-01   7.0283797968E-02   2.9069665393E-02
   31      2.7308082654E-01   4.9421926315E-01   3.3817082341E-01  -2.5873453402E-02  -1.2214309761E-02
   32      1.7786971818E-01   3.3817082341E-01   2.4802251265E-01  -3.0499856979E-02  -1.1769986918E-02
   33      7.0283797968E-02  -2.5873453402E-02  -3.0499856979E-02   3.0266749291E-01  -2.1484227621E-01
   34      2.9069665393E-02  -1.2214309761E-02  -1.1769986918E-02  -2.1484227621E-01   4.8011852043E-01
   35      1.6067841585E-02  -3.3882375327E-03  -8.3922704461E-03  -1.8020523784E-01   3.7261537972E-01
   36      3.2183970919E-04   3.5932587715E-02  -1.6538149588E-02   3.2289328764E-02   3.0775845960E-03
   37      3.6524190727E-04   6.1039100575E-03  -2.5071010247E-03   5.4453650568E-03   6.5996754166E-04
   38      2.0959291218E-04  -3.9109865733E-04   3.8739422078E-04  -3.7865729235E-04   6.0624326978E-05
   39      1.2889276289E-03  -3.6741034836E-02   1.8484919210E-02  -3.3222428695E-02  -2.4321754704E-03
   40     -1.2478033205E-03   1.6521951173E-02  -8.9627161374E-03   1.5025010126E-02   7.9858662213E-04
   41     -7.1895681511E-04   1.0846345283E-02  -5.7863331137E-03   9.8508360887E-03   5.6851478138E-04
                   35                 36                 37                 38                 39        
    0      2.9096443386E-03   4.3592494419E-03  -2.4361071603E-03  -1.9226687681E-03  -2.0338864809E-02
    1     -4.8799650641E-03   2.3872802082E-02   1.3166764433E-02   3.8520956562E-03   1.8363102432E-02
    2      3.7971832812E-04   2.3543038530E-02   7.2043554782E-03   5.8338372245E-03   1.1636137534E-03
    3      5.6345766162E-03  -4.0864568138E-03  -6.0424142394E-02  -2.1413239709E-02  -3.7601402375E-02
    4      2.0558147426E-03  -1.4764388623E-01  -4.5099050689E-04  -5.6016864696E-02   3.8300037099E-02
    5      1.3017893012E-03  -6.6031821867E-02  -5.8225833543E-02   8.8294577799E-02   1.2571620583E-02
    6     -3.1666055744E-02  -1.1622173200E-01   2.2129363489E-01  -2.0253608653E-02   7.8497766428E-02
    7     -1.6731715260E-02   1.3559539782E-01  -6.1839015064E-01   6.6062224906E-01   5.5552022942E-02
    8     -6.3216377800E-03  -6.6131435047E-02   6.4434289688E-01  -1.4600943505E+00   1.0529684430E-01
    9      1.0200599947E-02  -3.6022234297E-02   2.0942947139E-02   1.3074512039E-02  -5.5838458228E-02
   10     -1.9142684482E-03  -1.9330717123E-02   1.7434321567E-02   8.6225166521E-03   1.9855919987E-02
   11     -1.7698572592E-03  -7.2616876358E-03   4.5296536881E-03   8.6811798930E-03   1.4701672539E-02
   12      1.3763934295E-03   4.8029030328E-02   1.2343023221E-02   2.6363549240E-03  -2.6684453378E-02
   13     -1.4403270456E-03   1.2981733250E-02   7.8709141223E-03   1.5297116964E-03   1.1427454409E-02
   14     -3.5930552247E-03  -1.0955849872E-03   5.2464218646E-04   4.5014592186E-03   1.3518106520E-02
   15      3.0098099159E-03   2.3734773333E-02   4.0651789169E-03  -2.3546864816E-04  -2.4095162248E-02
   16      1.1804262121E-02  -1.9785267494E-02  -8.3393532109E-03  -3.2005521591E-03  -5.7060498058E-03
   17      9.8516876528E-03  -1.6493069204E-02  -5.6015698844E-03  -1.7415992765E-03   2.2773891202E-03
   18     -5.3526626839E-04  -9.8522595418E-05   6.6529591099E-04   4.6904393111E-04   3.6539845216E-03
   19      3.6942978613E-04  -2.1147655115E-03  -1.1137074025E-03  -4.9465660981E-04  -1.7682849748E-03
   20      2.4595190102E-03   1.9991688550E-02   2.8020532986E-03  -6.2513428119E-04  -2.3535878452E-02
   21      8.9464105445E-04   1.1920936834E-02   2.5710620550E-03  -1.3713029351E-04  -1.0174473842E-02
   22     -1.4659807346E-03  -1.4090087760E-02  -3.5728039456E-03   2.3732584572E-03   1.4844560946E-02
   23     -3.7396755889E-04  -3.7013868505E-03   1.6294589658E-03  -3.8690147446E-03   3.6890219090E-03
   24      4.0723993272E-03   3.4819986176E-02   5.1548257283E-03  -9.0051620996E-04  -3.9563287965E-02
   25      1.5600426952E-04  -6.4015478244E-05  -2.2170810292E-04  -1.4396534211E-04  -1.0329440987E-03
   26     -9.9811735904E-04  -9.7727050663E-03  -1.6348141670E-03   1.2371855481E-04   1.0124318508E-02
   27      1.6902103683E-01   5.2275755843E-03  -1.6659221128E-03  -1.8092639798E-03  -1.8650668603E-02
   28     -3.7388894431E-01   1.1336540006E-02   1.4938734964E-03  -4.1971938395E-04  -1.3841593354E-02
   29     -3.0181540169E-01  -1.4203303401E-03  -3.9998471223E-04  -9.3439636014E-05   6.2543209639E-04
   30      1.6067841585E-02   3.2183970919E-04   3.6524190727E-04   2.0959291218E-04   1.2889276289E-03
   31     -3.3882375327E-03   3.5932587715E-02   6.1039100575E-03  -3.9109865733E-04  -3.6741034836E-02
   32     -8.3922704461E-03  -1.6538149588E-02  -2.5071010247E-03   3.8739422078E-04   1.8484919210E-02
   33     -1.8020523784E-01   3.2289328764E-02   5.4453650568E-03  -3.7865729235E-04  -3.3222428695E-02
   34      3.7261537972E-01   3.0775845960E-03   6.5996754166E-04   6.0624326978E-05  -2.4321754704E-03
   35      3.0153890422E-01   2.6335068478E-02   4.4375073551E-03  -3.1138006663E-04  -2.7115451669E-02
   36      2.6335068478E-02   1.3545043772E+00  -3.8049949841E-01  -8.0923519943E-03  -1.3587781517E+00
   37      4.4375073551E-03  -3.8049949841E-01   1.1673808414E+00  -1.4070029802E+00   1.7217909526E-01
   38     -3.1138006663E-04  -8.0923519943E-03  -1.4070029802E+00   3.0108046989E+00   3.8753401745E-02
   39     -2.7115451669E-02  -1.3587781517E+00   1.7217909526E-01   3.8753401745E-02   1.5415066732E+00
   40      1.2271040399E-02   3.6073159254E-01  -5.8202187878E-01   7.9060938112E-01  -2.6900011054E-01
   41      8.0440688702E-03   1.2666872703E-01   8.0990171561E-01  -1.6518919472E+00  -1.7055501016E-01
                   40                 41        
     0      1.5712741147E-02   9.3303784179E-03
     1     -2.5978011418E-02  -1.4396708785E-02
     2     -1.0842624588E-02  -5.5704768269E-03
     3      3.6193365226E-02   1.3867062883E-02
     4      1.3779709790E-02   4.2415713924E-02
     5      4.3976194622E-02  -4.2640529826E-02
     6     -2.6910468932E-01  -5.6571435468E-02
     7      1.8818743259E-01  -4.4802203342E-01
     8     -4.2104685268E-01   7.5922296733E-01
     9      6.4249190590E-02   3.6308996117E-02
    10     -8.6779081780E-03  -5.7345260171E-03
    11     -9.3408852564E-03  -5.7227589371E-03
    12      2.7463203219E-03   3.1905414345E-03
    13     -1.5398282999E-02  -8.5701551688E-03
    14     -1.1093036970E-02  -6.5304449794E-03
    15      1.0763571879E-02   7.0768314470E-03
    16      1.3276930929E-02   7.1098227613E-03
    17      4.9997900116E-03   2.3789180614E-03
    18     -3.1105335646E-03  -1.8219556521E-03
    19      2.4184087648E-03   1.3442177133E-03
    20      1.1861664096E-02   7.5953218303E-03
    21      3.7332211306E-03   2.5770707829E-03
    22     -6.7759536305E-03  -4.4332050348E-03
    23     -1.7637650860E-03  -1.1421529978E-03
    24      1.9426397370E-02   1.2507825449E-02
    25      9.1810792531E-04   5.3469711183E-04
    26     -4.6071740708E-03  -3.0163633421E-03
    27      1.3881726400E-02   8.2890884406E-03
    28      7.1535597965E-03   4.5568347329E-03
    29      6.0218024132E-05  -1.1674571928E-05
    30     -1.2478033205E-03  -7.1895681511E-04
    31      1.6521951173E-02   1.0846345283E-02
    32     -8.9627161374E-03  -5.7863331137E-03
    33      1.5025010126E-02   9.8508360887E-03
    34      7.9858662213E-04   5.6851478138E-04
    35      1.2271040399E-02   8.0440688702E-03
    36      3.6073159254E-01   1.2666872703E-01
    37     -5.8202187878E-01   8.0990171561E-01
    38      7.9060938112E-01  -1.6518919472E+00
    39     -2.6900011054E-01  -1.7055501016E-01
    40      3.9579734742E-01  -3.9612123349E-01
    41     -3.9612123349E-01   9.4507140571E-01

#
# The atoms: label  mass x y z (in bohrs)
#
$atoms
14
 C     12.01100     -3.752592481623    -0.382735361214    -1.186078434646
 C     12.01100     -1.065390189091    -0.487240491677    -1.453773860820
 C     12.01100      0.021893708218     1.657382225198    -0.359392884353
 C     12.01100     -1.073652327088     3.767789607814     0.888347083858
 C     12.01100     -3.672112841289     3.725680321281     1.052092728557
 C     12.01100     -4.953343185850     1.635253922139    -0.012324174693
 H      1.00800     -4.923888277783    -1.913029019664    -1.914545459664
 H      1.00800      0.043747926643     5.313308011128     1.667752998107
 H      1.00800     -4.733161971580     5.227099292876     1.963866670933
 N     14.00700     -7.765332446602     1.634144932672     0.187029531020
 O     15.99900     -8.927501692313    -0.010857721064    -0.954127679976
 O     15.99900     -8.747186357716     3.281790892603     1.497625759397
 N     14.00700      2.677415063159     1.662946120562    -0.586828473083
 N     14.00700      4.767061946084     1.540068619013    -0.828591060257

$actual_temperature
  0.000000

$frequency_scale_factor
  1.000000


$end

