
$orca_hessian_file

$act_atom
  11

$act_coord
  2

$act_energy
        0.000000

$hessian
36
                    0                  1                  2                  3                  4        
    0      1.1778857809E+00  -1.4569990065E-01  -7.3587659707E-03  -5.3462652913E-01   4.1991041060E-02
    1     -1.4569990065E-01   5.4812997144E-01   4.7708049689E-01   7.5079927017E-02  -1.3127711662E-01
    2     -7.3587659707E-03   4.7708049689E-01   6.1887251038E-01   1.2031700520E-02  -9.9739879612E-02
    3     -5.3462652913E-01   7.5079927017E-02   1.2031700520E-02   7.7152417761E-01  -7.7718935382E-03
    4      4.1991041060E-02  -1.3127711662E-01  -9.9739879612E-02  -7.7718935382E-03   3.4595130148E-01
    5     -2.4345986641E-02  -9.5069785921E-02  -1.4310464521E-01   9.2522338830E-02   3.1811238987E-01
    6     -1.6563936261E-02  -4.9709563050E-02  -5.7846878124E-02  -2.9103978532E-01   6.8549055763E-02
    7     -6.1553251749E-03   1.5684488153E-02   9.8124774960E-03  -7.0043077224E-02  -2.8186966191E-01
    8     -9.9569535902E-03   3.6702013314E-03   8.5806661025E-03  -1.0536401169E-01  -2.0106086495E-01
    9      7.1737037526E-03  -1.9129028905E-03   1.0739595686E-04   6.1931704418E-02  -3.1845958268E-02
   10     -2.0428491002E-03  -3.4096772006E-03   5.2340168829E-03   1.1735736917E-02   3.0138134877E-03
   11     -4.2303052044E-05   5.2535195275E-03  -2.6649215673E-03   1.9718243166E-02  -1.6176105719E-02
   12      4.7710160228E-02   1.3289921927E-02   2.0211433508E-02   7.0196760877E-03   6.0189049666E-03
   13     -1.8277718977E-02  -2.3658349077E-03  -1.4028257855E-02  -2.1078837506E-03  -1.3788011006E-03
   14     -1.4493387845E-02  -9.5698741605E-03  -4.5213957356E-03   2.4526964161E-05   9.8584549130E-03
   15     -4.2313929047E-01   1.0914515548E-01   6.7933095324E-02   7.7430529339E-03   3.3780572754E-02
   16      1.0401894267E-01  -2.8623964999E-01  -2.4015278793E-01   2.8867309185E-03   1.4620974232E-02
   17      6.2294784051E-02  -2.3942938659E-01  -3.0884116172E-01   2.6711765404E-03   8.4283674826E-03
   18     -2.5488079158E-01  -2.2694308288E-02  -5.7067637153E-02  -3.9443706514E-03  -3.6224443419E-02
   19     -2.0436986946E-02  -1.5689492309E-01  -1.4527047251E-01   3.4561561290E-03   1.4637894632E-02
   20     -5.4583531622E-02  -1.4559262173E-01  -1.9513448202E-01   3.7142684678E-03   1.4609852029E-02
   21      1.0748617181E-02   2.1402148512E-02   2.4571397899E-02   3.1754130781E-03  -1.0294249792E-01
   22     -4.1700780715E-04   8.0770294865E-03   4.9964384851E-03  -3.6591494210E-02   4.8123229020E-02
   23      5.8383805876E-04   8.0828581080E-03   1.2451300194E-02  -5.4503731022E-02  -7.6374648379E-02
   24     -1.9977167029E-02   8.8911837250E-03   6.9363540236E-03  -4.2674963757E-02   2.4572354078E-02
   25      9.4142381302E-03  -1.1664067444E-02  -1.1487432053E-02   2.2188648292E-02  -1.8498264720E-02
   26      7.5202301148E-03  -1.1571462734E-02  -1.1654913414E-02   2.6727544604E-02   4.8272829715E-02
   27     -3.9208983867E-04  -2.3931204059E-03  -3.6752571867E-03   5.4729056777E-03   8.2750560146E-04
   28      3.7993735348E-02   1.6122214810E-02   1.5374477513E-02   2.8360821944E-03   4.2789399252E-03
   29      4.0719136445E-02   9.6742020150E-03   2.3402007233E-02   2.9621199935E-03  -2.3607569606E-03
   30      4.2226705248E-03  -3.4434285455E-03  -3.9544270090E-03   1.0503226768E-02   1.1387027783E-03
   31      6.0774097327E-04   2.8145909391E-03  -2.8023519094E-03   5.1262025888E-04  -2.0181826712E-04
   32      4.9618830450E-04  -3.3747158204E-03   1.8026111678E-03   2.0470915651E-03  -6.0931541832E-05
   33      1.8388717396E-03  -1.9551128360E-03  -1.8884117881E-03   4.9154922823E-03   1.9066561453E-03
   34     -9.9590952568E-04   1.0229744195E-03   9.8327459888E-04  -2.1815530054E-03   2.5995098328E-03
   35     -8.3324825412E-04   8.4656907735E-04   8.1242457804E-04  -2.5512679396E-03  -3.5087068401E-03
                    5                  6                  7                  8                  9        
    0     -2.4345986641E-02  -1.6563936261E-02  -6.1553251749E-03  -9.9569535902E-03   7.1737037526E-03
    1     -9.5069785921E-02  -4.9709563050E-02   1.5684488153E-02   3.6702013314E-03  -1.9129028905E-03
    2     -1.4310464521E-01  -5.7846878124E-02   9.8124774960E-03   8.5806661025E-03   1.0739595686E-04
    3      9.2522338830E-02  -2.9103978532E-01  -7.0043077224E-02  -1.0536401169E-01   6.1931704418E-02
    4      3.1811238987E-01   6.8549055763E-02  -2.8186966191E-01  -2.0106086495E-01  -3.1845958268E-02
    5      4.1835514893E-01   4.7002875213E-02  -2.2064966248E-01  -3.2605904022E-01  -2.8191278975E-02
    6      4.7002875213E-02   8.7165014680E-01  -1.8195249452E-02  -3.3968078226E-02  -3.8618000014E-01
    7     -2.2064966248E-01  -1.8195249452E-02   1.1274044144E+00   1.7022672145E-01   5.9667152484E-02
    8     -3.2605904022E-01  -3.3968078226E-02   1.7022672145E-01   1.1525962443E+00   1.8324206614E-02
    9     -2.8191278975E-02  -3.8618000014E-01   5.9667152484E-02   1.8324206614E-02   1.2643586002E+00
   10     -1.0024593110E-02   9.7449996267E-02  -2.6253519285E-01  -2.1827132680E-01  -1.1183886201E-01
   11     -1.3615135884E-03   5.9884030262E-02  -2.2361470569E-01  -2.8883920619E-01   3.7688968741E-02
   12      8.9607288369E-03  -6.2411498490E-02  -1.6743930714E-02  -2.8309479436E-02  -6.2696776802E-01
   13      8.7111514714E-03   2.9165826338E-02   1.5979170301E-02   1.3392479370E-02   2.7411718612E-02
   14      1.2678959946E-03   2.2191104672E-02   6.9114785255E-03   1.8271506928E-02  -4.9656806232E-02
   15      3.6635559906E-02  -2.9508360792E-02  -1.2901581923E-02  -1.7167605646E-02   1.6203457773E-02
   16      4.0674301556E-03   5.0629348551E-03  -6.3452766706E-03   3.0792071250E-03   1.3004817621E-03
   17      2.0934478120E-02   2.6066267860E-03   5.4729098374E-04  -7.5319902689E-03   2.9071856372E-03
   18     -3.9914011866E-02   1.4084333917E-02   5.6789099432E-03   7.6697594563E-03  -5.5526730007E-03
   19      2.0211117865E-02  -1.5252643320E-02  -3.8902642060E-03  -1.0875883259E-02   6.2659137733E-03
   20      1.3283392486E-02  -1.5378438857E-02  -7.9224015004E-03  -6.8534542211E-03   6.1153342187E-03
   21     -1.2744740966E-01  -1.3885654972E-01  -5.5676588002E-02   1.8278805856E-01  -3.5672942671E-02
   22     -6.6959660358E-02   1.2497114338E-02  -1.1390809702E+00   8.0207538427E-01   1.5493040022E-02
   23      1.2665393905E-02   2.5785160695E-01   7.9236390309E-01  -9.5942957340E-01   1.1281704714E-02
   24      2.9341531257E-02   1.0166700223E-01   1.4027812401E-01   2.4797519385E-02  -7.3710087518E-02
   25      4.7914124509E-02  -1.0827378998E-01   5.3604779162E-01  -5.4680378406E-01   5.5892498064E-02
   26     -2.3776011067E-03  -2.4866450728E-01  -5.1159300174E-01   4.2180126665E-01   5.1028148207E-02
   27      7.6100229755E-04  -2.7254836219E-02  -1.0442959087E-02  -1.5343724603E-02   1.0785855257E-02
   28     -2.0755285717E-03  -1.4153825093E-02  -4.8325100065E-03  -7.3181542661E-03   5.2658333431E-03
   29      4.3549277500E-03  -1.9372478039E-02  -6.7743399843E-03  -1.0192557543E-02   6.5615933342E-03
   30      2.7361930013E-03  -5.4382619711E-02  -1.9959003884E-02  -3.0608208513E-02   1.7715994954E-02
   31     -1.4942911692E-04  -1.2107431993E-03   2.7916119581E-03  -4.5650874951E-03   4.3942187677E-04
   32      2.2231205248E-04  -9.9710103681E-03  -7.2121324942E-03  -2.5545716535E-03   1.3990707438E-03
   33      1.9384578095E-03   1.8796103741E-02   4.4935290246E-03   7.1385176889E-03  -2.5008584493E-01
   34     -4.0875543041E-03  -5.9291134684E-03   6.4639937850E-04  -3.5488927123E-03  -2.6138336769E-02
   35      1.8192508839E-03  -4.3348529902E-03  -2.0956276561E-03   2.1070942513E-04  -5.7565522959E-02
                   10                 11                 12                 13                 14        
    0     -2.0428491002E-03  -4.2303052044E-05   4.7710160228E-02  -1.8277718977E-02  -1.4493387845E-02
    1     -3.4096772006E-03   5.2535195275E-03   1.3289921927E-02  -2.3658349077E-03  -9.5698741605E-03
    2      5.2340168829E-03  -2.6649215673E-03   2.0211433508E-02  -1.4028257855E-02  -4.5213957356E-03
    3      1.1735736917E-02   1.9718243166E-02   7.0196760877E-03  -2.1078837506E-03   2.4526964161E-05
    4      3.0138134877E-03  -1.6176105719E-02   6.0189049666E-03  -1.3788011006E-03   9.8584549130E-03
    5     -1.0024593110E-02  -1.3615135884E-03   8.9607288369E-03   8.7111514714E-03   1.2678959946E-03
    6      9.7449996267E-02   5.9884030262E-02  -6.2411498490E-02   2.9165826338E-02   2.2191104672E-02
    7     -2.6253519285E-01  -2.2361470569E-01  -1.6743930714E-02   1.5979170301E-02   6.9114785255E-03
    8     -2.1827132680E-01  -2.8883920619E-01  -2.8309479436E-02   1.3392479370E-02   1.8271506928E-02
    9     -1.1183886201E-01   3.7688968741E-02  -6.2696776802E-01   2.7411718612E-02  -4.9656806232E-02
   10      5.8600311127E-01   4.8937985815E-01   2.4667135723E-02  -1.9564462916E-01  -1.4366486522E-01
   11      4.8937985815E-01   6.6982064173E-01  -5.2673401339E-02  -1.4327751112E-01  -2.2674682032E-01
   12      2.4667135723E-02  -5.2673401339E-02   1.2386261465E+00  -3.0256707342E-02   1.2287877545E-01
   13     -1.9564462916E-01  -1.4327751112E-01  -3.0256707342E-02   5.8094396329E-01   4.8857604355E-01
   14     -1.4366486522E-01  -2.2674682032E-01   1.2287877545E-01   4.8857604355E-01   6.8710439384E-01
   15     -3.9384518394E-02  -4.1817018359E-02  -3.7270548795E-01  -3.8263954503E-02  -8.6474623026E-02
   16      1.6784272400E-02   1.2349248482E-02  -3.0896372382E-02  -2.6144635039E-01  -2.2784877436E-01
   17      6.6059103038E-03   1.3390609464E-02  -7.8374915915E-02  -2.2888780276E-01  -3.2084879514E-01
   18      9.9346766330E-04   3.0824792051E-04  -1.2181376147E-03   1.2278519705E-03   2.9160993507E-04
   19     -1.1387286920E-03  -3.6724696766E-04   1.9405475399E-03   2.5210496823E-03  -3.8568859449E-03
   20     -1.1134450527E-03  -3.6071015679E-04   1.0770201953E-03  -3.9589310037E-03   2.0781661855E-03
   21     -1.2269326770E-02  -1.9258543018E-02   5.9313168003E-02   1.3560043049E-02   2.2748709726E-02
   22      1.3092987061E-02   1.0869907218E-02   8.1437793530E-03   6.3100891112E-03   3.9604363968E-03
   23      6.9358334283E-03   1.4409786860E-02   1.6847392796E-02   4.7282963099E-03   1.1329415558E-02
   24      1.8380818513E-02   9.8009155290E-03  -3.6115888595E-02   8.0667370543E-03   3.7724540109E-03
   25     -8.0232378942E-03  -9.2939433127E-04   5.5176127527E-03  -8.8821302349E-03  -8.9868044807E-03
   26     -6.2164535904E-03   3.7020018398E-04   9.3878041986E-04  -8.6274049523E-03  -9.3528888663E-03
   27     -1.5529969354E-03  -9.2186209708E-04   5.2266545082E-03  -2.1565227203E-03  -2.5392308550E-03
   28      2.0519741281E-03  -2.7418137139E-03  -3.6709610876E-02   1.7676202495E-02   7.1940950941E-03
   29     -3.7023621401E-03   2.0784544069E-03  -4.0526905833E-02   1.2074496170E-02   1.3969590825E-02
   30      3.4128431481E-02   3.8434168589E-02  -2.6367104212E-01   5.1365220652E-02   2.5721244487E-02
   31      2.0109785864E-02   9.8154885290E-03   5.6753049858E-02  -1.7761594036E-01  -1.3681545039E-01
   32      1.4571472194E-02   2.7454752480E-02   3.1645512747E-02  -1.3757661854E-01  -1.9265643517E-01
   33     -2.0267033353E-02  -5.1121446340E-02   5.1940175282E-03  -3.9734610384E-02  -4.4464377286E-02
   34     -1.7030447843E-01  -1.4056124436E-01  -1.7243308073E-03   2.3903211275E-02   1.4242146078E-02
   35     -1.3973404505E-01  -2.0755127331E-01  -2.6749414295E-03   8.8740593574E-03   2.0105365888E-02
                   15                 16                 17                 18                 19        
    0     -4.2313929047E-01   1.0401894267E-01   6.2294784051E-02  -2.5488079158E-01  -2.0436986946E-02
    1      1.0914515548E-01  -2.8623964999E-01  -2.3942938659E-01  -2.2694308288E-02  -1.5689492309E-01
    2      6.7933095324E-02  -2.4015278793E-01  -3.0884116172E-01  -5.7067637153E-02  -1.4527047251E-01
    3      7.7430529339E-03   2.8867309185E-03   2.6711765404E-03  -3.9443706514E-03   3.4561561290E-03
    4      3.3780572754E-02   1.4620974232E-02   8.4283674826E-03  -3.6224443419E-02   1.4637894632E-02
    5      3.6635559906E-02   4.0674301556E-03   2.0934478120E-02  -3.9914011866E-02   2.0211117865E-02
    6     -2.9508360792E-02   5.0629348551E-03   2.6066267860E-03   1.4084333917E-02  -1.5252643320E-02
    7     -1.2901581923E-02  -6.3452766706E-03   5.4729098374E-04   5.6789099432E-03  -3.8902642060E-03
    8     -1.7167605646E-02   3.0792071250E-03  -7.5319902689E-03   7.6697594563E-03  -1.0875883259E-02
    9      1.6203457773E-02   1.3004817621E-03   2.9071856372E-03  -5.5526730007E-03   6.2659137733E-03
   10     -3.9384518394E-02   1.6784272400E-02   6.6059103038E-03   9.9346766330E-04  -1.1387286920E-03
   11     -4.1817018359E-02   1.2349248482E-02   1.3390609464E-02   3.0824792051E-04  -3.6724696766E-04
   12     -3.7270548795E-01  -3.0896372382E-02  -7.8374915915E-02  -1.2181376147E-03   1.9405475399E-03
   13     -3.8263954503E-02  -2.6144635039E-01  -2.2888780276E-01   1.2278519705E-03   2.5210496823E-03
   14     -8.6474623026E-02  -2.2784877436E-01  -3.2084879514E-01   2.9160993507E-04  -3.8568859449E-03
   15      1.0612577404E+00  -8.4726100070E-02   3.9272062134E-02   4.4951142248E-02  -1.8676227464E-02
   16     -8.4726100070E-02   6.4502168604E-01   5.6150815760E-01   1.6606523241E-02  -2.8990576699E-03
   17      3.9272062134E-02   5.6150815760E-01   7.4620204883E-01   2.3592722200E-02  -1.3688266339E-02
   18      4.4951142248E-02   1.6606523241E-02   2.3592722200E-02   2.0880200864E-01   4.1245982596E-02
   19     -1.8676227464E-02  -2.8990576699E-03  -1.3688266339E-02   4.1245982596E-02   1.4483460255E-01
   20     -1.5191430044E-02  -8.7048401023E-03  -4.5611217634E-03   7.1826885662E-02   1.4174395247E-01
   21      2.1958994243E-02  -1.1538762962E-02  -9.5905841763E-03  -1.1333574873E-02   1.2335037905E-02
   22     -3.5637578842E-04  -4.0984800169E-03  -4.5560939273E-03  -3.1515113821E-04   2.3635864167E-04
   23      2.7378781993E-03  -6.1361385762E-03  -6.3601584045E-03  -1.9601178194E-03   2.0164339440E-03
   24     -3.4515022358E-02  -9.5127145947E-03  -1.5323148015E-02   1.4594222654E-02  -1.6571787852E-02
   25      1.5273039409E-02   9.2798621975E-03   1.2354997787E-02  -5.8675376314E-03   6.8166087215E-03
   26      1.1901109805E-02   8.8595654328E-03   1.1417651520E-02  -4.3824822307E-03   5.1457841819E-03
   27     -3.4899018786E-01   1.9382010250E-02  -2.2329989954E-02  -1.5285839243E-03   1.1180965082E-03
   28      1.8503494374E-02  -1.2420426483E-01  -9.0047924950E-02  -1.1381509570E-03  -3.6594877684E-03
   29     -2.3298675562E-02  -8.9925607132E-02  -1.4206570207E-01  -3.3773386612E-04   4.9138262187E-03
   30      5.3653339215E-02  -1.4690735920E-02  -9.4606614016E-03  -2.7838001035E-03   3.2014958935E-03
   31      1.8748305284E-02  -3.5355555086E-03  -8.1181673120E-03  -1.6236120829E-04   1.8508052139E-04
   32      2.7302645729E-02  -1.2838459005E-02  -4.0036054404E-03  -5.7168314014E-04   6.5565672004E-04
   33      3.0906225750E-03   2.1070622339E-03   1.7347421137E-03  -1.1897757010E-03   1.3744152349E-03
   34     -1.1418091632E-03   3.0618402172E-03  -4.7170822791E-03   6.4921722864E-04  -7.4913332771E-04
   35     -1.8329984593E-03  -4.2570016858E-03   2.2677468585E-03   5.4444090235E-04  -6.2801638238E-04
                   20                 21                 22                 23                 24        
    0     -5.4583531622E-02   1.0748617181E-02  -4.1700780715E-04   5.8383805876E-04  -1.9977167029E-02
    1     -1.4559262173E-01   2.1402148512E-02   8.0770294865E-03   8.0828581080E-03   8.8911837250E-03
    2     -1.9513448202E-01   2.4571397899E-02   4.9964384851E-03   1.2451300194E-02   6.9363540236E-03
    3      3.7142684678E-03   3.1754130781E-03  -3.6591494210E-02  -5.4503731022E-02  -4.2674963757E-02
    4      1.4609852029E-02  -1.0294249792E-01   4.8123229020E-02  -7.6374648379E-02   2.4572354078E-02
    5      1.3283392486E-02  -1.2744740966E-01  -6.6959660358E-02   1.2665393905E-02   2.9341531257E-02
    6     -1.5378438857E-02  -1.3885654972E-01   1.2497114338E-02   2.5785160695E-01   1.0166700223E-01
    7     -7.9224015004E-03  -5.5676588002E-02  -1.1390809702E+00   7.9236390309E-01   1.4027812401E-01
    8     -6.8534542211E-03   1.8278805856E-01   8.0207538427E-01  -9.5942957340E-01   2.4797519385E-02
    9      6.1153342187E-03  -3.5672942671E-02   1.5493040022E-02   1.1281704714E-02  -7.3710087518E-02
   10     -1.1134450527E-03  -1.2269326770E-02   1.3092987061E-02   6.9358334283E-03   1.8380818513E-02
   11     -3.6071015679E-04  -1.9258543018E-02   1.0869907218E-02   1.4409786860E-02   9.8009155290E-03
   12      1.0770201953E-03   5.9313168003E-02   8.1437793530E-03   1.6847392796E-02  -3.6115888595E-02
   13     -3.9589310037E-03   1.3560043049E-02   6.3100891112E-03   4.7282963099E-03   8.0667370543E-03
   14      2.0781661855E-03   2.2748709726E-02   3.9604363968E-03   1.1329415558E-02   3.7724540109E-03
   15     -1.5191430044E-02   2.1958994243E-02  -3.5637578842E-04   2.7378781993E-03  -3.4515022358E-02
   16     -8.7048401023E-03  -1.1538762962E-02  -4.0984800169E-03  -6.1361385762E-03  -9.5127145947E-03
   17     -4.5611217634E-03  -9.5905841763E-03  -4.5560939273E-03  -6.3601584045E-03  -1.5323148015E-02
   18      7.1826885662E-02  -1.1333574873E-02  -3.1515113821E-04  -1.9601178194E-03   1.4594222654E-02
   19      1.4174395247E-01   1.2335037905E-02   2.3635864167E-04   2.0164339440E-03  -1.6571787852E-02
   20      1.8716253986E-01   1.1985020934E-02   2.1661070744E-04   1.9449220555E-03  -1.6185683361E-02
   21      1.1985020934E-02   1.3859642966E+00   3.5352720220E-03  -3.5002268753E-01  -1.3875160068E+00
   22      2.1661070744E-04   3.5352720220E-03   2.3092894256E+00  -1.7390656494E+00  -5.8756968939E-03
   23      1.9449220555E-03  -3.5002268753E-01  -1.7390656494E+00   1.9300718537E+00   9.9066396034E-02
   24     -1.6185683361E-02  -1.3875160068E+00  -5.8756968939E-03   9.9066396034E-02   1.5862410634E+00
   25      6.6758401473E-03   1.3154387589E-01  -1.2390347760E+00   1.0050342654E+00  -1.6668578137E-01
   26      5.0457561978E-03   2.5043178533E-01   9.8550725324E-01  -1.0171913599E+00  -1.2526576422E-01
   27      2.1437667246E-03   2.2040514083E-02   6.4123550998E-04   3.8429426411E-03  -2.8198577445E-02
   28      4.5982108943E-03   1.2499986929E-02   9.3302788239E-04   2.8035313981E-03  -1.2319254730E-02
   29     -2.6316189456E-03   1.6823271855E-02   1.1144724301E-03   3.6183439956E-03  -1.7491333706E-02
   30      3.1316495540E-03   4.4792507325E-02   1.7164733760E-03   8.2629457968E-03  -5.4641015132E-02
   31      1.8085260534E-04   9.2522764458E-04  -2.0868379410E-04  -9.6914867488E-05  -2.7037083725E-03
   32      6.4114353715E-04   7.3444160216E-03   1.3142420676E-05   1.0607614597E-03  -1.0690151651E-02
   33      1.3451381263E-03   2.5385563507E-02   1.5288112273E-03   6.0118311893E-03  -2.5153559641E-02
   34     -7.3307946148E-04  -1.3374416292E-02  -3.6392368945E-03  -2.9177044740E-04   1.3479726431E-02
   35     -6.1453320996E-04  -1.0373435935E-02   1.8277585022E-03  -4.5706860830E-03   1.1240910714E-02
                   25                 26                 27                 28                 29        
    0      9.4142381302E-03   7.5202301148E-03  -3.9208983867E-04   3.7993735348E-02   4.0719136445E-02
    1     -1.1664067444E-02  -1.1571462734E-02  -2.3931204059E-03   1.6122214810E-02   9.6742020150E-03
    2     -1.1487432053E-02  -1.1654913414E-02  -3.6752571867E-03   1.5374477513E-02   2.3402007233E-02
    3      2.2188648292E-02   2.6727544604E-02   5.4729056777E-03   2.8360821944E-03   2.9621199935E-03
    4     -1.8498264720E-02   4.8272829715E-02   8.2750560146E-04   4.2789399252E-03  -2.3607569606E-03
    5      4.7914124509E-02  -2.3776011067E-03   7.6100229755E-04  -2.0755285717E-03   4.3549277500E-03
    6     -1.0827378998E-01  -2.4866450728E-01  -2.7254836219E-02  -1.4153825093E-02  -1.9372478039E-02
    7      5.3604779162E-01  -5.1159300174E-01  -1.0442959087E-02  -4.8325100065E-03  -6.7743399843E-03
    8     -5.4680378406E-01   4.2180126665E-01  -1.5343724603E-02  -7.3181542661E-03  -1.0192557543E-02
    9      5.5892498064E-02   5.1028148207E-02   1.0785855257E-02   5.2658333431E-03   6.5615933342E-03
   10     -8.0232378942E-03  -6.2164535904E-03  -1.5529969354E-03   2.0519741281E-03  -3.7023621401E-03
   11     -9.2939433127E-04   3.7020018398E-04  -9.2186209708E-04  -2.7418137139E-03   2.0784544069E-03
   12      5.5176127527E-03   9.3878041986E-04   5.2266545082E-03  -3.6709610876E-02  -4.0526905833E-02
   13     -8.8821302349E-03  -8.6274049523E-03  -2.1565227203E-03   1.7676202495E-02   1.2074496170E-02
   14     -8.9868044807E-03  -9.3528888663E-03  -2.5392308550E-03   7.1940950941E-03   1.3969590825E-02
   15      1.5273039409E-02   1.1901109805E-02  -3.4899018786E-01   1.8503494374E-02  -2.3298675562E-02
   16      9.2798621975E-03   8.8595654328E-03   1.9382010250E-02  -1.2420426483E-01  -8.9925607132E-02
   17      1.2354997787E-02   1.1417651520E-02  -2.2329989954E-02  -9.0047924950E-02  -1.4206570207E-01
   18     -5.8675376314E-03  -4.3824822307E-03  -1.5285839243E-03  -1.1381509570E-03  -3.3773386612E-04
   19      6.8166087215E-03   5.1457841819E-03   1.1180965082E-03  -3.6594877684E-03   4.9138262187E-03
   20      6.6758401473E-03   5.0457561978E-03   2.1437667246E-03   4.5982108943E-03  -2.6316189456E-03
   21      1.3154387589E-01   2.5043178533E-01   2.2040514083E-02   1.2499986929E-02   1.6823271855E-02
   22     -1.2390347760E+00   9.8550725324E-01   6.4123550998E-04   9.3302788239E-04   1.1144724301E-03
   23      1.0050342654E+00  -1.0171913599E+00   3.8429426411E-03   2.8035313981E-03   3.6183439956E-03
   24     -1.6668578137E-01  -1.2526576422E-01  -2.8198577445E-02  -1.2319254730E-02  -1.7491333706E-02
   25      7.3310940145E-01  -5.1049181381E-01   1.1296151402E-02   4.1074516174E-03   6.0984416903E-03
   26     -5.1049181381E-01   5.9695482291E-01   8.4226546148E-03   2.7690108361E-03   4.2248320082E-03
   27      1.1296151402E-02   8.4226546148E-03   3.5523766193E-01  -1.5314739664E-02   2.9161432020E-02
   28      4.1074516174E-03   2.7690108361E-03  -1.5314739664E-02   9.1511736777E-02   6.6095669815E-02
   29      6.0984416903E-03   4.2248320082E-03   2.9161432020E-02   6.6095669815E-02   1.0619757875E-01
   30      2.1288076439E-02   1.5659727610E-02   5.3080583545E-03   1.6607161998E-03   3.5156403859E-03
   31      1.4255300724E-03   1.1843956263E-03  -1.5343626882E-04  -3.5028456210E-03   3.4976165524E-03
   32      4.5738698523E-03   3.5137819419E-03   1.5276143896E-03   3.7541869974E-03  -2.3627775440E-03
   33      8.4129685847E-03   5.6827730124E-03   2.2926254879E-03   8.7573293200E-04   1.2839329702E-03
   34     -4.6841694091E-03  -3.2387022124E-03  -1.2512241905E-03  -4.8243940016E-04  -7.0565867666E-04
   35     -3.9523106228E-03  -2.7515481974E-03  -1.0493479920E-03  -4.0576104734E-04  -5.9307886320E-04
                   30                 31                 32                 33                 34        
    0      4.2226705248E-03   6.0774097327E-04   4.9618830450E-04   1.8388717396E-03  -9.9590952568E-04
    1     -3.4434285455E-03   2.8145909391E-03  -3.3747158204E-03  -1.9551128360E-03   1.0229744195E-03
    2     -3.9544270090E-03  -2.8023519094E-03   1.8026111678E-03  -1.8884117881E-03   9.8327459888E-04
    3      1.0503226768E-02   5.1262025888E-04   2.0470915651E-03   4.9154922823E-03  -2.1815530054E-03
    4      1.1387027783E-03  -2.0181826712E-04  -6.0931541832E-05   1.9066561453E-03   2.5995098328E-03
    5      2.7361930013E-03  -1.4942911692E-04   2.2231205248E-04   1.9384578095E-03  -4.0875543041E-03
    6     -5.4382619711E-02  -1.2107431993E-03  -9.9710103681E-03   1.8796103741E-02  -5.9291134684E-03
    7     -1.9959003884E-02   2.7916119581E-03  -7.2121324942E-03   4.4935290246E-03   6.4639937850E-04
    8     -3.0608208513E-02  -4.5650874951E-03  -2.5545716535E-03   7.1385176889E-03  -3.5488927123E-03
    9      1.7715994954E-02   4.3942187677E-04   1.3990707438E-03  -2.5008584493E-01  -2.6138336769E-02
   10      3.4128431481E-02   2.0109785864E-02   1.4571472194E-02  -2.0267033353E-02  -1.7030447843E-01
   11      3.8434168589E-02   9.8154885290E-03   2.7454752480E-02  -5.1121446340E-02  -1.4056124436E-01
   12     -2.6367104212E-01   5.6753049858E-02   3.1645512747E-02   5.1940175282E-03  -1.7243308073E-03
   13      5.1365220652E-02  -1.7761594036E-01  -1.3757661854E-01  -3.9734610384E-02   2.3903211275E-02
   14      2.5721244487E-02  -1.3681545039E-01  -1.9265643517E-01  -4.4464377286E-02   1.4242146078E-02
   15      5.3653339215E-02   1.8748305284E-02   2.7302645729E-02   3.0906225750E-03  -1.1418091632E-03
   16     -1.4690735920E-02  -3.5355555086E-03  -1.2838459005E-02   2.1070622339E-03   3.0618402172E-03
   17     -9.4606614016E-03  -8.1181673120E-03  -4.0036054404E-03   1.7347421137E-03  -4.7170822791E-03
   18     -2.7838001035E-03  -1.6236120829E-04  -5.7168314014E-04  -1.1897757010E-03   6.4921722864E-04
   19      3.2014958935E-03   1.8508052139E-04   6.5565672004E-04   1.3744152349E-03  -7.4913332771E-04
   20      3.1316495540E-03   1.8085260534E-04   6.4114353715E-04   1.3451381263E-03  -7.3307946148E-04
   21      4.4792507325E-02   9.2522764458E-04   7.3444160216E-03   2.5385563507E-02  -1.3374416292E-02
   22      1.7164733760E-03  -2.0868379410E-04   1.3142420676E-05   1.5288112273E-03  -3.6392368945E-03
   23      8.2629457968E-03  -9.6914867488E-05   1.0607614597E-03   6.0118311893E-03  -2.9177044740E-04
   24     -5.4641015132E-02  -2.7037083725E-03  -1.0690151651E-02  -2.5153559641E-02   1.3479726431E-02
   25      2.1288076439E-02   1.4255300724E-03   4.5738698523E-03   8.4129685847E-03  -4.6841694091E-03
   26      1.5659727610E-02   1.1843956263E-03   3.5137819419E-03   5.6827730124E-03  -3.2387022124E-03
   27      5.3080583545E-03  -1.5343626882E-04   1.5276143896E-03   2.2926254879E-03  -1.2512241905E-03
   28      1.6607161998E-03  -3.5028456210E-03   3.7541869974E-03   8.7573293200E-04  -4.8243940016E-04
   29      3.5156403859E-03   3.4976165524E-03  -2.3627775440E-03   1.2839329702E-03  -7.0565867666E-04
   30      2.3501659790E-01  -7.3365904444E-02  -5.2045430706E-02   4.2660820196E-03  -3.0400440285E-03
   31     -7.3365904444E-02   1.6304062520E-01   1.3330162949E-01  -3.9021240255E-04  -5.3023809945E-03
   32     -5.2045430706E-02   1.3330162949E-01   1.7156433603E-01   1.5157363636E-03   4.1928997192E-03
   33      4.2660820196E-03  -3.9021240255E-04   1.5157363636E-03   2.1064980138E-01   4.1647793592E-02
   34     -3.0400440285E-03  -5.3023809945E-03   4.1928997192E-03   4.1647793592E-02   1.5392790333E-01
   35     -1.3928417958E-03   4.5674182860E-03  -4.6823088697E-03   7.0823106139E-02   1.3846566407E-01
                   35        
     0     -8.3324825412E-04
     1      8.4656907735E-04
     2      8.1242457804E-04
     3     -2.5512679396E-03
     4     -3.5087068401E-03
     5      1.8192508839E-03
     6     -4.3348529902E-03
     7     -2.0956276561E-03
     8      2.1070942513E-04
     9     -5.7565522959E-02
    10     -1.3973404505E-01
    11     -2.0755127331E-01
    12     -2.6749414295E-03
    13      8.8740593574E-03
    14      2.0105365888E-02
    15     -1.8329984593E-03
    16     -4.2570016858E-03
    17      2.2677468585E-03
    18      5.4444090235E-04
    19     -6.2801638238E-04
    20     -6.1453320996E-04
    21     -1.0373435935E-02
    22      1.8277585022E-03
    23     -4.5706860830E-03
    24      1.1240910714E-02
    25     -3.9523106228E-03
    26     -2.7515481974E-03
    27     -1.0493479920E-03
    28     -4.0576104734E-04
    29     -5.9307886320E-04
    30     -1.3928417958E-03
    31      4.5674182860E-03
    32     -4.6823088697E-03
    33      7.0823106139E-02
    34      1.3846566407E-01
    35      1.9554793089E-01

#
# The atoms: label  mass x y z (in bohrs)
#
$atoms
12
 C     12.01100     -3.575502677151     0.187362808330    -2.022080583247
 C     12.01100     -0.890575899406    -0.039339376330    -1.892274596236
 C     12.01100      0.030917346170     1.571885559256     0.009080595410
 C     12.01100     -1.246921858538     3.251334266159     1.675007530688
 C     12.01100     -3.837087485127     3.325688314051     1.391069324552
 C     12.01100     -4.989938810070     1.779323803274    -0.471682711542
 H      1.00800     -4.596097489162    -0.949633936932    -3.416103180390
 N     14.00700      2.661559936081     1.452757794066     0.249422594309
 N     14.00700      4.763141032813     1.274367258448     0.349882060230
 H      1.00800     -7.044220080881     1.855985187308    -0.677440586927
 H      1.00800     -4.980781891482     4.555752367070     2.581889999315
 H      1.00800     -0.254537645111     4.395714910796     3.073209471613

$actual_temperature
  0.000000

$frequency_scale_factor
  1.000000


$end

