LUMO=-0.35815
HOMO=-0.45432
