Ring C2-C1-C0-C5-C4-C3 SumAnges=717.04(99.59%) SumDistance=0.2466
LUMO=-0.34165
HOMO=-0.42997
